n,t,maxE_SF,maxH_SF,W_total,W_phys,divE_TF,divH_TF
1,0.0125,1.598973524e-13,3.197947049e-13,nan,nan,nan,nan
2,0.025,2.995568823e-13,3.600384495e-13,nan,nan,nan,nan
3,0.0375,2.784025299e-13,2.097252373e-13,nan,nan,nan,nan
4,0.05,2.339014720e-13,2.814774599e-13,nan,nan,nan,nan
5,0.0625,2.560457903e-13,2.213869326e-13,nan,nan,nan,nan
6,0.075,2.019876817e-13,2.419877771e-13,nan,nan,nan,nan
7,0.0875,2.355182482e-13,2.250175203e-13,nan,nan,nan,nan
8,0.1,1.872821209e-13,2.410914188e-13,nan,nan,nan,nan
9,0.1125,2.195369084e-13,2.191213704e-13,nan,nan,nan,nan
10,0.125,1.917745905e-13,1.993245822e-13,nan,nan,nan,nan
11,0.1375,2.054498435e-13,2.111020684e-13,nan,nan,nan,nan
12,0.15,1.916329976e-13,1.858561122e-13,nan,nan,nan,nan
13,0.1625,1.942575569e-13,2.052908853e-13,nan,nan,nan,nan
14,0.175,1.955046300e-13,2.306476356e-13,nan,nan,nan,nan
15,0.1875,2.099198608e-13,1.952021599e-13,nan,nan,nan,nan
16,0.2,1.854311804e-13,1.977993851e-13,nan,nan,nan,nan
17,0.2125,1.881918446e-13,2.176503920e-13,nan,nan,nan,nan
18,0.225,1.953211181e-13,1.899523083e-13,nan,nan,nan,nan
19,0.2375,1.791169633e-13,2.163923568e-13,nan,nan,nan,nan
20,0.25,1.950919484e-13,2.438381322e-13,nan,nan,nan,nan
21,0.2625,2.155362251e-13,2.165393475e-13,nan,nan,nan,nan
22,0.275,1.930321882e-13,2.186757405e-13,nan,nan,nan,nan
23,0.2875,1.973563155e-13,2.367666495e-13,nan,nan,nan,nan
24,0.3,2.074589049e-13,2.203245158e-13,nan,nan,nan,nan
25,0.3125,2.025884329e-13,2.486097762e-13,nan,nan,nan,nan
26,0.325,2.157897153e-13,2.669383095e-13,nan,nan,nan,nan
27,0.3375,2.275040508e-13,2.587325811e-13,nan,nan,nan,nan
28,0.35,2.266242532e-13,2.666959334e-13,nan,nan,nan,nan
29,0.3625,2.489133184e-13,2.798335518e-13,nan,nan,nan,nan
30,0.375,2.647712235e-13,2.762903700e-13,nan,nan,nan,nan
31,0.3875,2.493174944e-13,2.819860511e-13,nan,nan,nan,nan
32,0.4,2.537380835e-13,2.915827517e-13,nan,nan,nan,nan
33,0.4125,2.655117363e-13,2.984939567e-13,nan,nan,nan,nan
34,0.425,2.576512818e-13,3.222972951e-13,nan,nan,nan,nan
35,0.4375,2.967745710e-13,3.374604953e-13,nan,nan,nan,nan
36,0.45,3.148764494e-13,3.236737387e-13,nan,nan,nan,nan
37,0.4625,2.893686501e-13,3.222034917e-13,nan,nan,nan,nan
38,0.475,2.992781613e-13,3.353032223e-13,nan,nan,nan,nan
39,0.4875,3.125333901e-13,3.290882227e-13,nan,nan,nan,nan
40,0.5,2.836244415e-13,3.650586772e-13,nan,nan,nan,nan
41,0.5125,3.356297522e-13,3.808058774e-13,nan,nan,nan,nan
42,0.525,3.550604404e-13,3.566893767e-13,nan,nan,nan,nan
43,0.5375,3.215228794e-13,3.605589128e-13,nan,nan,nan,nan
44,0.55,3.357774702e-13,3.736999294e-13,nan,nan,nan,nan
45,0.5625,3.500472494e-13,3.766031441e-13,nan,nan,nan,nan
46,0.575,3.127511682e-13,3.892244490e-13,nan,nan,nan,nan
47,0.5875,3.654736833e-13,4.041267991e-13,nan,nan,nan,nan
48,0.6,3.853624416e-13,4.044881541e-13,nan,nan,nan,nan
49,0.6125,3.480332952e-13,4.138062333e-13,nan,nan,nan,nan
50,0.625,3.641542496e-13,4.221790869e-13,nan,nan,nan,nan
51,0.6375,3.790067147e-13,4.291216954e-13,nan,nan,nan,nan
52,0.65,3.396014144e-13,4.351546133e-13,nan,nan,nan,nan
53,0.6625,3.902616730e-13,4.414665555e-13,nan,nan,nan,nan
54,0.675,4.097715165e-13,4.484217022e-13,nan,nan,nan,nan
55,0.6875,3.756776365e-13,4.552268262e-13,nan,nan,nan,nan
56,0.7,3.893069996e-13,4.603534385e-13,nan,nan,nan,nan
57,0.7125,4.044613526e-13,4.632211383e-13,nan,nan,nan,nan
58,0.725,3.709158897e-13,4.647569073e-13,nan,nan,nan,nan
59,0.7375,4.182701415e-13,4.668415957e-13,nan,nan,nan,nan
60,0.75,4.365941733e-13,4.700003358e-13,nan,nan,nan,nan
61,0.7625,4.146694109e-13,4.729642404e-13,nan,nan,nan,nan
62,0.775,4.200008805e-13,4.736550136e-13,nan,nan,nan,nan
63,0.7875,4.350315126e-13,4.713236068e-13,nan,nan,nan,nan
64,0.8,4.247234905e-13,4.674543255e-13,nan,nan,nan,nan
65,0.8125,4.602375852e-13,4.643555464e-13,nan,nan,nan,nan
66,0.825,4.766570318e-13,4.627769151e-13,nan,nan,nan,nan
67,0.8375,4.745751348e-13,4.610261952e-13,nan,nan,nan,nan
68,0.85,4.784273394e-13,4.566057948e-13,nan,nan,nan,nan
69,0.8625,4.934988889e-13,4.487715885e-13,nan,nan,nan,nan
70,0.875,5.096139313e-13,4.393964160e-13,nan,nan,nan,nan
71,0.8875,5.248530256e-13,4.328406850e-13,nan,nan,nan,nan
72,0.9,5.391233268e-13,4.248595637e-13,nan,nan,nan,nan
73,0.9125,5.594715149e-13,4.186051407e-13,nan,nan,nan,nan
74,0.925,5.905342166e-13,4.104015520e-13,nan,nan,nan,nan
75,0.9375,6.145463684e-13,4.018472429e-13,nan,nan,nan,nan
76,0.95,6.182233828e-13,3.955921180e-13,nan,nan,nan,nan
77,0.9625,6.152512738e-13,3.897410077e-13,nan,nan,nan,nan
78,0.975,6.340661149e-13,3.924884793e-13,nan,nan,nan,nan
79,0.9875,6.677620902e-13,4.463080567e-13,nan,nan,nan,nan
80,1,7.197524185e-13,4.814044431e-13,nan,nan,nan,nan
81,1.0125,7.500549943e-13,4.811779311e-13,nan,nan,nan,nan
82,1.025,7.451738461e-13,4.831173904e-13,nan,nan,nan,nan
83,1.0375,7.397920834e-13,5.181813083e-13,nan,nan,nan,nan
84,1.05,7.684882791e-13,5.519056013e-13,nan,nan,nan,nan
85,1.0625,7.961958844e-13,6.269993168e-13,nan,nan,nan,nan
86,1.075,8.606420635e-13,6.716875127e-13,nan,nan,nan,nan
87,1.0875,8.947674822e-13,6.741235826e-13,nan,nan,nan,nan
88,1.1,8.871314981e-13,6.669633766e-13,nan,nan,nan,nan
89,1.1125,8.792742642e-13,7.081209114e-13,nan,nan,nan,nan
90,1.125,9.110820759e-13,7.643948521e-13,nan,nan,nan,nan
91,1.1375,9.438657190e-13,8.452054058e-13,nan,nan,nan,nan
92,1.15,1.012220534e-12,8.946674148e-13,nan,nan,nan,nan
93,1.1625,1.048586619e-12,9.046829838e-13,nan,nan,nan,nan
94,1.175,1.045298902e-12,9.079007983e-13,nan,nan,nan,nan
95,1.1875,1.035203042e-12,9.418634336e-13,nan,nan,nan,nan
96,1.2,1.063432287e-12,1.011872386e-12,nan,nan,nan,nan
97,1.2125,1.115052500e-12,1.088842536e-12,nan,nan,nan,nan
98,1.225,1.179965249e-12,1.139733707e-12,nan,nan,nan,nan
99,1.2375,1.218349388e-12,1.160662583e-12,nan,nan,nan,nan
100,1.25,1.227290175e-12,1.178540259e-12,nan,nan,nan,nan
101,1.2625,1.234509713e-12,1.219021590e-12,nan,nan,nan,nan
102,1.275,1.265391283e-12,1.282792063e-12,nan,nan,nan,nan
103,1.2875,1.319202919e-12,1.349812857e-12,nan,nan,nan,nan
104,1.3,1.375822365e-12,1.399953259e-12,nan,nan,nan,nan
105,1.3125,1.417228473e-12,1.434040696e-12,nan,nan,nan,nan
106,1.325,1.445743219e-12,1.468964428e-12,nan,nan,nan,nan
107,1.3375,1.477757386e-12,1.515538463e-12,nan,nan,nan,nan
108,1.35,1.520721274e-12,1.569929218e-12,nan,nan,nan,nan
109,1.3625,1.569158301e-12,1.623567994e-12,nan,nan,nan,nan
110,1.375,1.616369778e-12,1.672344825e-12,nan,nan,nan,nan
111,1.3875,1.662867616e-12,1.720698463e-12,nan,nan,nan,nan
112,1.4,1.715353741e-12,1.773795238e-12,nan,nan,nan,nan
113,1.4125,1.775442914e-12,1.825972911e-12,nan,nan,nan,nan
114,1.425,1.832340585e-12,1.870317328e-12,nan,nan,nan,nan
115,1.4375,1.877019345e-12,1.910578855e-12,nan,nan,nan,nan
116,1.45,1.917561224e-12,1.958370540e-12,nan,nan,nan,nan
117,1.4625,1.971868208e-12,2.021759375e-12,nan,nan,nan,nan
118,1.475,2.049098792e-12,2.092338637e-12,nan,nan,nan,nan
119,1.4875,2.135947474e-12,2.150353053e-12,nan,nan,nan,nan
120,1.5,2.206950460e-12,2.186797478e-12,nan,nan,nan,nan
121,1.5125,2.252301221e-12,2.217175114e-12,nan,nan,nan,nan
122,1.525,2.292507756e-12,2.266589175e-12,nan,nan,nan,nan
123,1.5375,2.357425318e-12,2.344201255e-12,nan,nan,nan,nan
124,1.55,2.456095969e-12,2.430700480e-12,nan,nan,nan,nan
125,1.5625,2.564820055e-12,2.495411554e-12,nan,nan,nan,nan
126,1.575,2.649502883e-12,2.529614525e-12,nan,nan,nan,nan
127,1.5875,2.701947412e-12,2.557609351e-12,nan,nan,nan,nan
128,1.6,2.749655927e-12,2.612783393e-12,nan,nan,nan,nan
129,1.6125,2.827829574e-12,2.703559433e-12,nan,nan,nan,nan
130,1.625,2.943317839e-12,2.803187317e-12,nan,nan,nan,nan
131,1.6375,3.067425044e-12,2.876716984e-12,nan,nan,nan,nan
132,1.65,3.165452416e-12,2.917265229e-12,nan,nan,nan,nan
133,1.6625,3.232202342e-12,2.953461361e-12,nan,nan,nan,nan
134,1.675,3.296555436e-12,3.020077774e-12,nan,nan,nan,nan
135,1.6875,3.390802822e-12,3.122634763e-12,nan,nan,nan,nan
136,1.7,3.518263786e-12,3.232773885e-12,nan,nan,nan,nan
137,1.7125,3.652125273e-12,3.318353594e-12,nan,nan,nan,nan
138,1.725,3.764020661e-12,3.376044375e-12,nan,nan,nan,nan
139,1.7375,3.852685345e-12,3.432950008e-12,nan,nan,nan,nan
140,1.75,3.942309066e-12,3.517503955e-12,nan,nan,nan,nan
141,1.7625,4.055788458e-12,3.631199534e-12,nan,nan,nan,nan
142,1.775,4.192488825e-12,3.750377478e-12,nan,nan,nan,nan
143,1.7875,4.332795217e-12,3.852416231e-12,nan,nan,nan,nan
144,1.8,4.460651179e-12,3.938382103e-12,nan,nan,nan,nan
145,1.8125,4.578725282e-12,4.028413591e-12,nan,nan,nan,nan
146,1.825,4.701554895e-12,4.137517409e-12,nan,nan,nan,nan
147,1.8375,4.838026839e-12,4.263171696e-12,nan,nan,nan,nan
148,1.85,4.984050205e-12,4.391814731e-12,nan,nan,nan,nan
149,1.8625,5.131404717e-12,4.515659728e-12,nan,nan,nan,nan
150,1.875,5.279148929e-12,4.639176178e-12,nan,nan,nan,nan
151,1.8875,5.432979622e-12,4.770493438e-12,nan,nan,nan,nan
152,1.9,5.594948759e-12,4.909722921e-12,nan,nan,nan,nan
153,1.9125,5.758704030e-12,5.050422562e-12,nan,nan,nan,nan
154,1.925,5.917882941e-12,5.192265028e-12,nan,nan,nan,nan
155,1.9375,6.077181954e-12,5.343373445e-12,nan,nan,nan,nan
156,1.95,6.250301420e-12,5.510644606e-12,nan,nan,nan,nan
157,1.9625,6.444429956e-12,5.688278409e-12,nan,nan,nan,nan
158,1.975,6.649064323e-12,5.861420997e-12,nan,nan,nan,nan
159,1.9875,6.844664414e-12,6.023053939e-12,nan,nan,nan,nan
160,2,7.024279305e-12,6.185142153e-12,nan,nan,nan,nan
161,2.0125,7.204172007e-12,6.368672049e-12,nan,nan,nan,nan
162,2.025,7.409137913e-12,6.580885274e-12,nan,nan,nan,nan
163,2.0375,7.646091287e-12,6.804800621e-12,nan,nan,nan,nan
164,2.05,7.894611036e-12,7.015008977e-12,nan,nan,nan,nan
165,2.0625,8.126749870e-12,7.204904910e-12,nan,nan,nan,nan
166,2.075,8.336676474e-12,7.395890956e-12,nan,nan,nan,nan
167,2.0875,8.548427817e-12,7.616707315e-12,nan,nan,nan,nan
168,2.1,8.792141865e-12,7.873333330e-12,nan,nan,nan,nan
169,2.1125,9.072890720e-12,8.141572768e-12,nan,nan,nan,nan
170,2.125,9.365048821e-12,8.391387874e-12,nan,nan,nan,nan
171,2.1375,9.638647061e-12,8.618144798e-12,nan,nan,nan,nan
172,2.15,9.890312853e-12,8.847844522e-12,nan,nan,nan,nan
173,2.1625,1.014649999e-11,9.110526431e-12,nan,nan,nan,nan
174,2.175,1.043604610e-11,9.409627460e-12,nan,nan,nan,nan
175,2.1875,1.076116565e-11,9.719194173e-12,nan,nan,nan,nan
176,2.2,1.109675757e-11,1.001123719e-11,nan,nan,nan,nan
177,2.2125,1.141739998e-11,1.028408869e-11,nan,nan,nan,nan
178,2.225,1.172286165e-11,1.056264331e-11,nan,nan,nan,nan
179,2.2375,1.203627792e-11,1.087177772e-11,nan,nan,nan,nan
180,2.25,1.237909999e-11,1.121180101e-11,nan,nan,nan,nan
181,2.2625,1.275042244e-11,1.156071628e-11,nan,nan,nan,nan
182,2.275,1.313115787e-11,1.189856194e-11,nan,nan,nan,nan
183,2.2875,1.350577766e-11,1.222687317e-11,nan,nan,nan,nan
184,2.3,1.387709839e-11,1.256411483e-11,nan,nan,nan,nan
185,2.3125,1.426006228e-11,1.292490817e-11,nan,nan,nan,nan
186,2.325,1.466447693e-11,1.330663758e-11,nan,nan,nan,nan
187,2.3375,1.508682169e-11,1.369599897e-11,nan,nan,nan,nan
188,2.35,1.551809553e-11,1.408509442e-11,nan,nan,nan,nan
189,2.3625,1.595569137e-11,1.447813474e-11,nan,nan,nan,nan
190,2.375,1.640466985e-11,1.488334970e-11,nan,nan,nan,nan
191,2.3875,1.686879046e-11,1.530241541e-11,nan,nan,nan,nan
192,2.4,1.734462274e-11,1.573101802e-11,nan,nan,nan,nan
193,2.4125,1.782713449e-11,1.616791297e-11,nan,nan,nan,nan
194,2.425,1.831952223e-11,1.661700721e-11,nan,nan,nan,nan
195,2.4375,1.883193660e-11,1.708401367e-11,nan,nan,nan,nan
196,2.45,1.936976936e-11,1.756607594e-11,nan,nan,nan,nan
197,2.4625,1.992586037e-11,1.805278746e-11,nan,nan,nan,nan
198,2.475,2.048502362e-11,1.853882911e-11,nan,nan,nan,nan
199,2.4875,2.104253092e-11,1.903343605e-11,nan,nan,nan,nan
200,2.5,2.161168232e-11,1.955327798e-11,nan,nan,nan,nan
201,2.5125,2.221288169e-11,2.010428945e-11,nan,nan,nan,nan
202,2.525,2.285173846e-11,2.067283987e-11,nan,nan,nan,nan
203,2.5375,2.351114137e-11,2.123849348e-11,nan,nan,nan,nan
204,2.55,2.416797239e-11,2.179660610e-11,nan,nan,nan,nan
205,2.5625,2.481826621e-11,2.236600065e-11,nan,nan,nan,nan
206,2.575,2.548361727e-11,2.297133582e-11,nan,nan,nan,nan
207,2.5875,2.619036792e-11,2.361741256e-11,nan,nan,nan,nan
208,2.6,2.694249899e-11,2.428309178e-11,nan,nan,nan,nan
209,2.6125,2.771709792e-11,2.494276602e-11,nan,nan,nan,nan
210,2.625,2.848806902e-11,2.559367155e-11,nan,nan,nan,nan
211,2.6375,2.925365762e-11,2.626004163e-11,nan,nan,nan,nan
212,2.65,3.003886929e-11,2.696902714e-11,nan,nan,nan,nan
213,2.6625,3.087020899e-11,2.772330633e-11,nan,nan,nan,nan
214,2.675,3.174927403e-11,2.849907346e-11,nan,nan,nan,nan
215,2.6875,3.265255405e-11,2.927135974e-11,nan,nan,nan,nan
216,2.7,3.355682317e-11,3.003998246e-11,nan,nan,nan,nan
217,2.7125,3.446298765e-11,3.082933250e-11,nan,nan,nan,nan
218,2.725,3.539409653e-11,3.166323166e-11,nan,nan,nan,nan
219,2.7375,3.637123378e-11,3.254183612e-11,nan,nan,nan,nan
220,2.75,3.739350870e-11,3.344401786e-11,nan,nan,nan,nan
221,2.7625,3.844207662e-11,3.435093070e-11,nan,nan,nan,nan
222,2.775,3.950163507e-11,3.526502238e-11,nan,nan,nan,nan
223,2.7875,4.057555329e-11,3.620566690e-11,nan,nan,nan,nan
224,2.8,4.168010110e-11,3.718847141e-11,nan,nan,nan,nan
225,2.8125,4.282673903e-11,3.821133272e-11,nan,nan,nan,nan
226,2.825,4.401262848e-11,3.926049118e-11,nan,nan,nan,nan
227,2.8375,4.522777735e-11,4.032722483e-11,nan,nan,nan,nan
228,2.85,4.646801569e-11,4.141603560e-11,nan,nan,nan,nan
229,2.8625,4.773841622e-11,4.253730445e-11,nan,nan,nan,nan
230,2.875,4.904523230e-11,4.369548934e-11,nan,nan,nan,nan
231,2.8875,5.038833892e-11,4.488705504e-11,nan,nan,nan,nan
232,2.9,5.176397461e-11,4.610864297e-11,nan,nan,nan,nan
233,2.9125,5.317322017e-11,4.736336814e-11,nan,nan,nan,nan
234,2.925,5.462377179e-11,4.865675970e-11,nan,nan,nan,nan
235,2.9375,5.612129246e-11,4.998827547e-11,nan,nan,nan,nan
236,2.95,5.766103963e-11,5.135081350e-11,nan,nan,nan,nan
237,2.9625,5.923192913e-11,5.274057773e-11,nan,nan,nan,nan
238,2.975,6.083051844e-11,5.416536103e-11,nan,nan,nan,nan
239,2.9875,6.246876996e-11,5.563925009e-11,nan,nan,nan,nan
240,3,6.416443041e-11,5.716759612e-11,nan,nan,nan,nan
241,3.0125,6.592257810e-11,5.873943532e-11,nan,nan,nan,nan
242,3.025,6.772893426e-11,6.033822494e-11,nan,nan,nan,nan
243,3.0375,6.956446052e-11,6.196112110e-11,nan,nan,nan,nan
244,3.05,7.142718748e-11,6.362540736e-11,nan,nan,nan,nan
245,3.0625,7.333743744e-11,6.535296450e-11,nan,nan,nan,nan
246,3.075,7.531910207e-11,6.714788671e-11,nan,nan,nan,nan
247,3.0875,7.737570149e-11,6.899158507e-11,nan,nan,nan,nan
248,3.1,7.948692721e-11,7.086221504e-11,nan,nan,nan,nan
249,3.1125,8.163042159e-11,7.275888046e-11,nan,nan,nan,nan
250,3.125,8.380648240e-11,7.470472269e-11,nan,nan,nan,nan
251,3.1375,8.603958036e-11,7.672470491e-11,nan,nan,nan,nan
252,3.15,8.835476546e-11,7.882095299e-11,nan,nan,nan,nan
253,3.1625,9.075357628e-11,8.097163343e-11,nan,nan,nan,nan
254,3.175,9.321451331e-11,8.315470316e-11,nan,nan,nan,nan
255,3.1875,9.571709983e-11,8.537166450e-11,nan,nan,nan,nan
256,3.2,9.826401911e-11,8.764670185e-11,nan,nan,nan,nan
257,3.2125,1.008787083e-10,9.000275608e-11,nan,nan,nan,nan
258,3.225,1.035821952e-10,9.243999066e-11,nan,nan,nan,nan
259,3.2375,1.063741467e-10,9.493855766e-11,nan,nan,nan,nan
260,3.25,1.092370671e-10,9.748134556e-11,nan,nan,nan,nan
261,3.2625,1.121572942e-10,1.000721055e-10,nan,nan,nan,nan
262,3.275,1.151397508e-10,1.027309592e-10,nan,nan,nan,nan
263,3.2875,1.182021993e-10,1.054740924e-10,nan,nan,nan,nan
264,3.3,1.213575314e-10,1.083011645e-10,nan,nan,nan,nan
265,3.3125,1.246039548e-10,1.111985066e-10,nan,nan,nan,nan
266,3.325,1.279331762e-10,1.141569190e-10,nan,nan,nan,nan
267,3.3375,1.313400987e-10,1.171819888e-10,nan,nan,nan,nan
268,3.35,1.348306224e-10,1.202865599e-10,nan,nan,nan,nan
269,3.3625,1.384142247e-10,1.234778222e-10,nan,nan,nan,nan
270,3.375,1.420943813e-10,1.267534924e-10,nan,nan,nan,nan
271,3.3875,1.458690387e-10,1.301094878e-10,nan,nan,nan,nan
272,3.4,1.497385117e-10,1.335478515e-10,nan,nan,nan,nan
273,3.4125,1.537092699e-10,1.370750407e-10,nan,nan,nan,nan
274,3.425,1.577880701e-10,1.406940373e-10,nan,nan,nan,nan
275,3.4375,1.619742535e-10,1.444018111e-10,nan,nan,nan,nan
276,3.45,1.662614563e-10,1.481963794e-10,nan,nan,nan,nan
277,3.4625,1.706484243e-10,1.520844418e-10,nan,nan,nan,nan
278,3.475,1.751460090e-10,1.560784695e-10,nan,nan,nan,nan
279,3.4875,1.797700940e-10,1.601848282e-10,nan,nan,nan,nan
280,3.5,1.845265727e-10,1.643969048e-10,nan,nan,nan,nan
281,3.5125,1.894056017e-10,1.687032541e-10,nan,nan,nan,nan
282,3.525,1.943937279e-10,1.731034768e-10,nan,nan,nan,nan
283,3.5375,1.994922648e-10,1.776138004e-10,nan,nan,nan,nan
284,3.55,2.047213705e-10,1.822540992e-10,nan,nan,nan,nan
285,3.5625,2.101033952e-10,1.870289711e-10,nan,nan,nan,nan
286,3.575,2.156420344e-10,1.919239201e-10,nan,nan,nan,nan
287,3.5875,2.213200836e-10,1.969226220e-10,nan,nan,nan,nan
288,3.6,2.271197660e-10,2.020279627e-10,nan,nan,nan,nan
289,3.6125,2.330451169e-10,2.072638897e-10,nan,nan,nan,nan
290,3.625,2.391225502e-10,2.126546852e-10,nan,nan,nan,nan
291,3.6375,2.453781460e-10,2.182027410e-10,nan,nan,nan,nan
292,3.65,2.518148953e-10,2.238885492e-10,nan,nan,nan,nan
293,3.6625,2.584135496e-10,2.296936765e-10,nan,nan,nan,nan
294,3.675,2.651561208e-10,2.356231201e-10,nan,nan,nan,nan
295,3.6875,2.720475857e-10,2.417038157e-10,nan,nan,nan,nan
296,3.7,2.791137865e-10,2.479609912e-10,nan,nan,nan,nan
297,3.7125,2.863787712e-10,2.543969937e-10,nan,nan,nan,nan
298,3.725,2.938456789e-10,2.609939985e-10,nan,nan,nan,nan
299,3.7375,3.015001373e-10,2.677366724e-10,nan,nan,nan,nan
300,3.75,3.093307589e-10,2.746307197e-10,nan,nan,nan,nan
301,3.7625,3.173443644e-10,2.816990508e-10,nan,nan,nan,nan
302,3.775,3.255611937e-10,2.889615275e-10,nan,nan,nan,nan
303,3.7875,3.339975256e-10,2.964203564e-10,nan,nan,nan,nan
304,3.8,3.426551877e-10,3.040650819e-10,nan,nan,nan,nan
305,3.8125,3.515276634e-10,3.118894274e-10,nan,nan,nan,nan
306,3.825,3.606136883e-10,3.199010956e-10,nan,nan,nan,nan
307,3.8375,3.699226742e-10,3.281156876e-10,nan,nan,nan,nan
308,3.85,3.794676938e-10,3.365439557e-10,nan,nan,nan,nan
309,3.8625,3.892562775e-10,3.451871769e-10,nan,nan,nan,nan
310,3.875,3.992900924e-10,3.540439864e-10,nan,nan,nan,nan
311,3.8875,4.095722557e-10,3.631185139e-10,nan,nan,nan,nan
312,3.9,4.201115727e-10,3.724198571e-10,nan,nan,nan,nan
313,3.9125,4.309178448e-10,3.819550864e-10,nan,nan,nan,nan
314,3.925,4.419948627e-10,3.917262125e-10,nan,nan,nan,nan
315,3.9375,4.533415657e-10,4.017357119e-10,nan,nan,nan,nan
316,3.95,4.649616245e-10,4.119930929e-10,nan,nan,nan,nan
317,3.9625,4.768698012e-10,4.225124756e-10,nan,nan,nan,nan
318,3.975,4.890853860e-10,4.333022839e-10,nan,nan,nan,nan
319,3.9875,5.016180607e-10,4.443595017e-10,nan,nan,nan,nan
320,4,5.144622848e-10,4.556775628e-10,nan,nan,nan,nan
321,4.0125,5.276087334e-10,4.672611179e-10,nan,nan,nan,nan
322,4.025,5.410622827e-10,4.791308892e-10,nan,nan,nan,nan
323,4.0375,5.548469081e-10,4.913108563e-10,nan,nan,nan,nan
324,4.05,5.689904311e-10,5.038097079e-10,nan,nan,nan,nan
325,4.0625,5.835039169e-10,5.166167923e-10,nan,nan,nan,nan
326,4.075,5.983776254e-10,5.297187912e-10,nan,nan,nan,nan
327,4.0875,6.135987954e-10,5.431209251e-10,nan,nan,nan,nan
328,4.1,6.291732810e-10,5.568502480e-10,nan,nan,nan,nan
329,4.1125,6.451283906e-10,5.709365377e-10,nan,nan,nan,nan
330,4.125,6.614938293e-10,5.853900132e-10,nan,nan,nan,nan
331,4.1375,6.782807400e-10,6.001990199e-10,nan,nan,nan,nan
332,4.15,6.954806632e-10,6.153501720e-10,nan,nan,nan,nan
333,4.1625,7.130849065e-10,6.308499870e-10,nan,nan,nan,nan
334,4.175,7.311033944e-10,6.467257828e-10,nan,nan,nan,nan
335,4.1875,7.495634019e-10,6.630056865e-10,nan,nan,nan,nan
336,4.2,7.684905974e-10,6.796992442e-10,nan,nan,nan,nan
337,4.2125,7.878933142e-10,6.967984742e-10,nan,nan,nan,nan
338,4.225,8.077735575e-10,7.143006814e-10,nan,nan,nan,nan
339,4.2375,8.281244644e-10,7.322159322e-10,nan,nan,nan,nan
340,4.25,8.489609339e-10,7.505670112e-10,nan,nan,nan,nan
341,4.2625,8.703095757e-10,7.693762693e-10,nan,nan,nan,nan
342,4.275,8.921912137e-10,7.886506020e-10,nan,nan,nan,nan
343,4.2875,9.146122273e-10,8.083867968e-10,nan,nan,nan,nan
344,4.3,9.375722279e-10,8.285870986e-10,nan,nan,nan,nan
345,4.3125,9.610781995e-10,8.492674179e-10,nan,nan,nan,nan
346,4.325,9.851493039e-10,8.704503555e-10,nan,nan,nan,nan
347,4.3375,1.009808453e-09,8.921524385e-10,nan,nan,nan,nan
348,4.35,1.035071697e-09,9.143800942e-10,nan,nan,nan,nan
349,4.3625,1.060947485e-09,9.371374323e-10,nan,nan,nan,nan
350,4.375,1.087445020e-09,9.604353299e-10,nan,nan,nan,nan
351,4.3875,1.114580328e-09,9.842912626e-10,nan,nan,nan,nan
352,4.4,1.142372692e-09,1.008721612e-09,nan,nan,nan,nan
353,4.4125,1.170836962e-09,1.033737204e-09,nan,nan,nan,nan
354,4.425,1.199982756e-09,1.059347818e-09,nan,nan,nan,nan
355,4.4375,1.229822609e-09,1.085569168e-09,nan,nan,nan,nan
356,4.45,1.260378806e-09,1.112422083e-09,nan,nan,nan,nan
357,4.4625,1.291678761e-09,1.139923547e-09,nan,nan,nan,nan
358,4.475,1.323742354e-09,1.168080737e-09,nan,nan,nan,nan
359,4.4875,1.356575896e-09,1.196897354e-09,nan,nan,nan,nan
360,4.5,1.390181759e-09,1.226387023e-09,nan,nan,nan,nan
361,4.5125,1.424575096e-09,1.256578301e-09,nan,nan,nan,nan
362,4.525,1.459789274e-09,1.287503282e-09,nan,nan,nan,nan
363,4.5375,1.495862255e-09,1.319180208e-09,nan,nan,nan,nan
364,4.55,1.532816850e-09,1.351609199e-09,nan,nan,nan,nan
365,4.5625,1.570655864e-09,1.384787771e-09,nan,nan,nan,nan
366,4.575,1.609378452e-09,1.418731330e-09,nan,nan,nan,nan
367,4.5875,1.649001479e-09,1.453476914e-09,nan,nan,nan,nan
368,4.6,1.689563649e-09,1.489064953e-09,nan,nan,nan,nan
369,4.6125,1.731107786e-09,1.525517065e-09,nan,nan,nan,nan
370,4.625,1.773659548e-09,1.562832886e-09,nan,nan,nan,nan
371,4.6375,1.817224479e-09,1.601009585e-09,nan,nan,nan,nan
372,4.65,1.861805959e-09,1.640064167e-09,nan,nan,nan,nan
373,4.6625,1.907424885e-09,1.680035838e-09,nan,nan,nan,nan
374,4.675,1.954120953e-09,1.720966579e-09,nan,nan,nan,nan
375,4.6875,2.001935401e-09,1.762880433e-09,nan,nan,nan,nan
376,4.7,2.050894243e-09,1.805782414e-09,nan,nan,nan,nan
377,4.7125,2.101009114e-09,1.849676820e-09,nan,nan,nan,nan
378,4.725,2.152293242e-09,1.894585019e-09,nan,nan,nan,nan
379,4.7375,2.204774536e-09,1.940544870e-09,nan,nan,nan,nan
380,4.75,2.258492545e-09,1.987594289e-09,nan,nan,nan,nan
381,4.7625,2.313484310e-09,2.035757373e-09,nan,nan,nan,nan
382,4.775,2.369775344e-09,2.085046877e-09,nan,nan,nan,nan
383,4.7875,2.427384630e-09,2.135478319e-09,nan,nan,nan,nan
384,4.8,2.486336474e-09,2.187079553e-09,nan,nan,nan,nan
385,4.8125,2.546665543e-09,2.239886583e-09,nan,nan,nan,nan
386,4.825,2.608410629e-09,2.293932248e-09,nan,nan,nan,nan
387,4.8375,2.671605765e-09,2.349240993e-09,nan,nan,nan,nan
388,4.85,2.736279044e-09,2.405834255e-09,nan,nan,nan,nan
389,4.8625,2.802459180e-09,2.463738564e-09,nan,nan,nan,nan
390,4.875,2.870180715e-09,2.522986744e-09,nan,nan,nan,nan
391,4.8875,2.939481631e-09,2.583612235e-09,nan,nan,nan,nan
392,4.9,3.010397517e-09,2.645644832e-09,nan,nan,nan,nan
393,4.9125,3.082960899e-09,2.709113190e-09,nan,nan,nan,nan
394,4.925,3.157207130e-09,2.774049860e-09,nan,nan,nan,nan
395,4.9375,3.233178708e-09,2.840491114e-09,nan,nan,nan,nan
396,4.95,3.310920772e-09,2.908471089e-09,nan,nan,nan,nan
397,4.9625,3.390471826e-09,2.978018346e-09,nan,nan,nan,nan
398,4.975,3.471861515e-09,3.049161123e-09,nan,nan,nan,nan
399,4.9875,3.555120721e-09,3.121936389e-09,nan,nan,nan,nan
400,5,3.640294286e-09,3.196391126e-09,nan,nan,nan,nan
401,5.0125,3.727441076e-09,3.272571720e-09,nan,nan,nan,nan
402,5.025,3.816618463e-09,3.350511891e-09,nan,nan,nan,nan
403,5.0375,3.907866377e-09,3.430233846e-09,nan,nan,nan,nan
404,5.05,4.001209207e-09,3.511764256e-09,nan,nan,nan,nan
405,5.0625,4.096676170e-09,3.595149230e-09,nan,nan,nan,nan
406,5.075,4.194337227e-09,3.680450955e-09,nan,nan,nan,nan
407,5.0875,4.294275853e-09,3.767726998e-09,nan,nan,nan,nan
408,5.1,4.396536304e-09,3.857012839e-09,nan,nan,nan,nan
409,5.1125,4.501163967e-09,3.948327007e-09,nan,nan,nan,nan
410,5.125,4.608183891e-09,4.041695494e-09,nan,nan,nan,nan
411,5.1375,4.717626705e-09,4.137171156e-09,nan,nan,nan,nan
412,5.15,4.829550704e-09,4.234827503e-09,nan,nan,nan,nan
413,5.1625,4.944037591e-09,4.334743802e-09,nan,nan,nan,nan
414,5.175,5.061166082e-09,4.436979076e-09,nan,nan,nan,nan
415,5.1875,5.180990058e-09,4.541527987e-09,nan,nan,nan,nan
416,5.2,5.303542922e-09,4.648419909e-09,nan,nan,nan,nan
417,5.2125,5.428862882e-09,4.757711946e-09,nan,nan,nan,nan
418,5.225,5.557013208e-09,4.869482422e-09,nan,nan,nan,nan
419,5.2375,5.688077951e-09,4.983804997e-09,nan,nan,nan,nan
420,5.25,5.822139302e-09,5.100729916e-09,nan,nan,nan,nan
421,5.2625,5.959260397e-09,5.220290371e-09,nan,nan,nan,nan
422,5.275,6.099489708e-09,5.342525778e-09,nan,nan,nan,nan
423,5.2875,6.242880089e-09,5.467497698e-09,nan,nan,nan,nan
424,5.3,6.389501943e-09,5.595283738e-09,nan,nan,nan,nan
425,5.3125,6.539438626e-09,5.725958143e-09,nan,nan,nan,nan
426,5.325,6.692771712e-09,5.859579885e-09,nan,nan,nan,nan
427,5.3375,6.849572621e-09,5.996198742e-09,nan,nan,nan,nan
428,5.35,7.009907669e-09,6.135870235e-09,nan,nan,nan,nan
429,5.3625,7.173848408e-09,6.278662897e-09,nan,nan,nan,nan
430,5.375,7.341475186e-09,6.424652148e-09,nan,nan,nan,nan
431,5.3875,7.512871764e-09,6.573910169e-09,nan,nan,nan,nan
432,5.4,7.688119357e-09,6.726503601e-09,nan,nan,nan,nan
433,5.4125,7.867297644e-09,6.882499884e-09,nan,nan,nan,nan
434,5.425,8.050490388e-09,7.041972842e-09,nan,nan,nan,nan
435,5.4375,8.237787451e-09,7.205000415e-09,nan,nan,nan,nan
436,5.45,8.429280122e-09,7.371658310e-09,nan,nan,nan,nan
437,5.4625,8.625055859e-09,7.542018654e-09,nan,nan,nan,nan
438,5.475,8.825199920e-09,7.716156200e-09,nan,nan,nan,nan
439,5.4875,9.029802823e-09,7.894154481e-09,nan,nan,nan,nan
440,5.5,9.238964719e-09,8.076103579e-09,nan,nan,nan,nan
441,5.5125,9.452790668e-09,8.262091154e-09,nan,nan,nan,nan
442,5.525,9.671381649e-09,8.452197137e-09,nan,nan,nan,nan
443,5.5375,9.894831937e-09,8.646499068e-09,nan,nan,nan,nan
444,5.55,1.012323669e-08,8.845082774e-09,nan,nan,nan,nan
445,5.5625,1.035670157e-08,9.048046304e-09,nan,nan,nan,nan
446,5.575,1.059534309e-08,9.255492160e-09,nan,nan,nan,nan
447,5.5875,1.083927871e-08,9.467516203e-09,nan,nan,nan,nan
448,5.6,1.108861759e-08,9.684205847e-09,nan,nan,nan,nan
449,5.6125,1.134346312e-08,9.905649924e-09,nan,nan,nan,nan
450,5.625,1.160392494e-08,1.013194931e-08,nan,nan,nan,nan
451,5.6375,1.187012732e-08,1.036321628e-08,nan,nan,nan,nan
452,5.65,1.214220380e-08,1.059956312e-08,nan,nan,nan,nan
453,5.6625,1.242028365e-08,1.084109288e-08,nan,nan,nan,nan
454,5.675,1.270448506e-08,1.108790287e-08,nan,nan,nan,nan
455,5.6875,1.299492316e-08,1.134009714e-08,nan,nan,nan,nan
456,5.7,1.329172466e-08,1.159779407e-08,nan,nan,nan,nan
457,5.7125,1.359503307e-08,1.186112033e-08,nan,nan,nan,nan
458,5.725,1.390499869e-08,1.213019797e-08,nan,nan,nan,nan
459,5.7375,1.422176400e-08,1.240513898e-08,nan,nan,nan,nan
460,5.75,1.454546032e-08,1.268605351e-08,nan,nan,nan,nan
461,5.7625,1.487621916e-08,1.297306265e-08,nan,nan,nan,nan
462,5.775,1.521418594e-08,1.326630180e-08,nan,nan,nan,nan
463,5.7875,1.555952153e-08,1.356591121e-08,nan,nan,nan,nan
464,5.8,1.591239082e-08,1.387202440e-08,nan,nan,nan,nan
465,5.8125,1.627295125e-08,1.418476707e-08,nan,nan,nan,nan
466,5.825,1.664135341e-08,1.450426699e-08,nan,nan,nan,nan
467,5.8375,1.701775179e-08,1.483066352e-08,nan,nan,nan,nan
468,5.85,1.740231299e-08,1.516410661e-08,nan,nan,nan,nan
469,5.8625,1.779521297e-08,1.550474770e-08,nan,nan,nan,nan
470,5.875,1.819662815e-08,1.585273355e-08,nan,nan,nan,nan
471,5.8875,1.860673178e-08,1.620820956e-08,nan,nan,nan,nan
472,5.9,1.902576235e-08,1.657132730e-08,nan,nan,nan,nan
473,5.9125,1.945398514e-08,1.694224656e-08,nan,nan,nan,nan
474,5.925,1.989145647e-08,1.732112980e-08,nan,nan,nan,nan
475,5.9375,2.033836788e-08,1.770813715e-08,nan,nan,nan,nan
476,5.95,2.079490674e-08,1.810342948e-08,nan,nan,nan,nan
477,5.9625,2.126126302e-08,1.850717657e-08,nan,nan,nan,nan
478,5.975,2.173764023e-08,1.891955932e-08,nan,nan,nan,nan
479,5.9875,2.222425673e-08,1.934076124e-08,nan,nan,nan,nan
480,6,2.272133332e-08,1.977095792e-08,nan,nan,nan,nan
481,6.0125,2.322907941e-08,2.021031788e-08,nan,nan,nan,nan
482,6.025,2.374769449e-08,2.065901684e-08,nan,nan,nan,nan
483,6.0375,2.427738610e-08,2.111725087e-08,nan,nan,nan,nan
484,6.05,2.481838661e-08,2.158523283e-08,nan,nan,nan,nan
485,6.0625,2.537094970e-08,2.206317307e-08,nan,nan,nan,nan
486,6.075,2.593532800e-08,2.255126406e-08,nan,nan,nan,nan
487,6.0875,2.651175416e-08,2.304974371e-08,nan,nan,nan,nan
488,6.1,2.710044618e-08,2.355891200e-08,nan,nan,nan,nan
489,6.1125,2.770163323e-08,2.407883646e-08,nan,nan,nan,nan
490,6.125,2.831557626e-08,2.460976079e-08,nan,nan,nan,nan
491,6.1375,2.894256178e-08,2.515192389e-08,nan,nan,nan,nan
492,6.15,2.958287440e-08,2.570554127e-08,nan,nan,nan,nan
493,6.1625,3.023677589e-08,2.627081397e-08,nan,nan,nan,nan
494,6.175,3.090451219e-08,2.684795676e-08,nan,nan,nan,nan
495,6.1875,3.158634113e-08,2.743721724e-08,nan,nan,nan,nan
496,6.2,3.228255295e-08,2.803886650e-08,nan,nan,nan,nan
497,6.2125,3.299346331e-08,2.865317101e-08,nan,nan,nan,nan
498,6.225,3.371938705e-08,2.928037431e-08,nan,nan,nan,nan
499,6.2375,3.446061982e-08,2.992070668e-08,nan,nan,nan,nan
500,6.25,3.521744524e-08,3.057441187e-08,nan,nan,nan,nan
501,6.2625,3.599015853e-08,3.124176368e-08,nan,nan,nan,nan
502,6.275,3.677908208e-08,3.192305682e-08,nan,nan,nan,nan
503,6.2875,3.758455857e-08,3.261858315e-08,nan,nan,nan,nan
504,6.3,3.840693142e-08,3.332861836e-08,nan,nan,nan,nan
505,6.3125,3.924653335e-08,3.405343081e-08,nan,nan,nan,nan
506,6.325,4.010369341e-08,3.479330137e-08,nan,nan,nan,nan
507,6.3375,4.097875231e-08,3.554853308e-08,nan,nan,nan,nan
508,6.35,4.187206930e-08,3.631944290e-08,nan,nan,nan,nan
509,6.3625,4.278401550e-08,3.710634691e-08,nan,nan,nan,nan
510,6.375,4.371496356e-08,3.790955541e-08,nan,nan,nan,nan
511,6.3875,4.466528589e-08,3.872938099e-08,nan,nan,nan,nan
512,6.4,4.563536164e-08,3.956614833e-08,nan,nan,nan,nan
513,6.4125,4.662558254e-08,4.042019443e-08,nan,nan,nan,nan
514,6.425,4.763635020e-08,4.129186102e-08,nan,nan,nan,nan
515,6.4375,4.866806919e-08,4.218149010e-08,nan,nan,nan,nan
516,6.45,4.972114588e-08,4.308942871e-08,nan,nan,nan,nan
517,6.4625,5.079599566e-08,4.401603654e-08,nan,nan,nan,nan
518,6.475,5.189305008e-08,4.496168588e-08,nan,nan,nan,nan
519,6.4875,5.301275449e-08,4.592675272e-08,nan,nan,nan,nan
520,6.5,5.415555769e-08,4.691160961e-08,nan,nan,nan,nan
521,6.5125,5.532190528e-08,4.791662994e-08,nan,nan,nan,nan
522,6.525,5.651224532e-08,4.894220060e-08,nan,nan,nan,nan
523,6.5375,5.772704126e-08,4.998872911e-08,nan,nan,nan,nan
524,6.55,5.896677846e-08,5.105663631e-08,nan,nan,nan,nan
525,6.5625,6.023195653e-08,5.214634147e-08,nan,nan,nan,nan
526,6.575,6.152307547e-08,5.325825595e-08,nan,nan,nan,nan
527,6.5875,6.284063039e-08,5.439279300e-08,nan,nan,nan,nan
528,6.6,6.418512082e-08,5.555038418e-08,nan,nan,nan,nan
529,6.6125,6.555706500e-08,5.673148524e-08,nan,nan,nan,nan
530,6.625,6.695700423e-08,5.793656516e-08,nan,nan,nan,nan
531,6.6375,6.838549315e-08,5.916608990e-08,nan,nan,nan,nan
532,6.65,6.984308674e-08,6.042051790e-08,nan,nan,nan,nan
533,6.6625,7.133033780e-08,6.170031181e-08,nan,nan,nan,nan
534,6.675,7.284780708e-08,6.300595404e-08,nan,nan,nan,nan
535,6.6875,7.439607486e-08,6.433795013e-08,nan,nan,nan,nan
536,6.7,7.597609912e-08,6.569681758e-08,nan,nan,nan,nan
537,6.7125,7.758863253e-08,6.708307244e-08,nan,nan,nan,nan
538,6.725,7.923382917e-08,6.849722778e-08,nan,nan,nan,nan
539,6.7375,8.091230828e-08,6.993980438e-08,nan,nan,nan,nan
540,6.75,8.262470114e-08,7.141134182e-08,nan,nan,nan,nan
541,6.7625,8.437165781e-08,7.291239883e-08,nan,nan,nan,nan
542,6.775,8.615384536e-08,7.444354418e-08,nan,nan,nan,nan
543,6.7875,8.797194072e-08,7.600534879e-08,nan,nan,nan,nan
544,6.8,8.982662692e-08,7.759838705e-08,nan,nan,nan,nan
545,6.8125,9.171859633e-08,7.922324468e-08,nan,nan,nan,nan
546,6.825,9.364855647e-08,8.088052397e-08,nan,nan,nan,nan
547,6.8375,9.561723174e-08,8.257084173e-08,nan,nan,nan,nan
548,6.85,9.762536028e-08,8.429482372e-08,nan,nan,nan,nan
549,6.8625,9.967369051e-08,8.605310255e-08,nan,nan,nan,nan
550,6.875,1.017629819e-07,8.784632051e-08,nan,nan,nan,nan
551,6.8875,1.038940081e-07,8.967513336e-08,nan,nan,nan,nan
552,6.9,1.060675588e-07,9.154021046e-08,nan,nan,nan,nan
553,6.9125,1.082844374e-07,9.344223246e-08,nan,nan,nan,nan
554,6.925,1.105454597e-07,9.538189021e-08,nan,nan,nan,nan
555,6.9375,1.128514552e-07,9.735988680e-08,nan,nan,nan,nan
556,6.95,1.152032707e-07,9.937693946e-08,nan,nan,nan,nan
557,6.9625,1.176017702e-07,1.014337784e-07,nan,nan,nan,nan
558,6.975,1.200478315e-07,1.035311440e-07,nan,nan,nan,nan
559,6.9875,1.225423426e-07,1.056697872e-07,nan,nan,nan,nan
560,7,1.250862041e-07,1.078512932e-07,nan,nan,nan,nan
561,7.0125,1.276803367e-07,1.100758744e-07,nan,nan,nan,nan
562,7.025,1.303256853e-07,1.123441251e-07,nan,nan,nan,nan
563,7.0375,1.330232140e-07,1.146568565e-07,nan,nan,nan,nan
564,7.05,1.357738961e-07,1.170148865e-07,nan,nan,nan,nan
565,7.0625,1.385787113e-07,1.194190449e-07,nan,nan,nan,nan
566,7.075,1.414386541e-07,1.218701817e-07,nan,nan,nan,nan
567,7.0875,1.443547465e-07,1.243691710e-07,nan,nan,nan,nan
568,7.1,1.473280412e-07,1.269169041e-07,nan,nan,nan,nan
569,7.1125,1.503596111e-07,1.295142786e-07,nan,nan,nan,nan
570,7.125,1.534505345e-07,1.321621960e-07,nan,nan,nan,nan
571,7.1375,1.566018934e-07,1.348615722e-07,nan,nan,nan,nan
572,7.15,1.598147871e-07,1.376133498e-07,nan,nan,nan,nan
573,7.1625,1.630903489e-07,1.404185007e-07,nan,nan,nan,nan
574,7.175,1.664297480e-07,1.432780139e-07,nan,nan,nan,nan
575,7.1875,1.698341739e-07,1.461928818e-07,nan,nan,nan,nan
576,7.2,1.733048204e-07,1.491640998e-07,nan,nan,nan,nan
577,7.2125,1.768428852e-07,1.521926807e-07,nan,nan,nan,nan
578,7.225,1.804495865e-07,1.552796687e-07,nan,nan,nan,nan
579,7.2375,1.841261799e-07,1.584261399e-07,nan,nan,nan,nan
580,7.25,1.878739581e-07,1.616331874e-07,nan,nan,nan,nan
581,7.2625,1.916942347e-07,1.649019082e-07,nan,nan,nan,nan
582,7.275,1.955883301e-07,1.682334043e-07,nan,nan,nan,nan
583,7.2875,1.995575735e-07,1.716287985e-07,nan,nan,nan,nan
584,7.3,2.036033181e-07,1.750892462e-07,nan,nan,nan,nan
585,7.3125,2.077269539e-07,1.786159337e-07,nan,nan,nan,nan
586,7.325,2.119299051e-07,1.822100643e-07,nan,nan,nan,nan
587,7.3375,2.162136171e-07,1.858728494e-07,nan,nan,nan,nan
588,7.35,2.205795483e-07,1.896055124e-07,nan,nan,nan,nan
589,7.3625,2.250291756e-07,1.934093004e-07,nan,nan,nan,nan
590,7.375,2.295640045e-07,1.972854910e-07,nan,nan,nan,nan
591,7.3875,2.341855733e-07,2.012353874e-07,nan,nan,nan,nan
592,7.4,2.388954476e-07,2.052603102e-07,nan,nan,nan,nan
593,7.4125,2.436952138e-07,2.093615956e-07,nan,nan,nan,nan
594,7.425,2.485864808e-07,2.135406024e-07,nan,nan,nan,nan
595,7.4375,2.535708887e-07,2.177987173e-07,nan,nan,nan,nan
596,7.45,2.586501118e-07,2.221373520e-07,nan,nan,nan,nan
597,7.4625,2.638258520e-07,2.265579363e-07,nan,nan,nan,nan
598,7.475,2.691016256e-07,2.310619167e-07,nan,nan,nan,nan
599,7.4875,2.744787086e-07,2.356507656e-07,nan,nan,nan,nan
600,7.5,2.799576682e-07,2.403259902e-07,nan,nan,nan,nan
601,7.5125,2.855403253e-07,2.450891305e-07,nan,nan,nan,nan
602,7.525,2.912285411e-07,2.499417456e-07,nan,nan,nan,nan
603,7.5375,2.970242005e-07,2.548854044e-07,nan,nan,nan,nan
604,7.55,3.029291993e-07,2.599216922e-07,nan,nan,nan,nan
605,7.5625,3.089454525e-07,2.650522296e-07,nan,nan,nan,nan
606,7.575,3.150749169e-07,2.702786842e-07,nan,nan,nan,nan
607,7.5875,3.213196053e-07,2.756027609e-07,nan,nan,nan,nan
608,7.6,3.276815767e-07,2.810261798e-07,nan,nan,nan,nan
609,7.6125,3.341629113e-07,2.865506648e-07,nan,nan,nan,nan
610,7.625,3.407656962e-07,2.921779563e-07,nan,nan,nan,nan
611,7.6375,3.474920386e-07,2.979098379e-07,nan,nan,nan,nan
612,7.65,3.543440938e-07,3.037481484e-07,nan,nan,nan,nan
613,7.6625,3.613240807e-07,3.096947678e-07,nan,nan,nan,nan
614,7.675,3.684342681e-07,3.157515904e-07,nan,nan,nan,nan
615,7.6875,3.756769468e-07,3.219205130e-07,nan,nan,nan,nan
616,7.7,3.830544167e-07,3.282034516e-07,nan,nan,nan,nan
617,7.7125,3.905690013e-07,3.346023693e-07,nan,nan,nan,nan
618,7.725,3.982230759e-07,3.411192877e-07,nan,nan,nan,nan
619,7.7375,4.060190808e-07,3.477562715e-07,nan,nan,nan,nan
620,7.75,4.139595070e-07,3.545154020e-07,nan,nan,nan,nan
621,7.7625,4.220468722e-07,3.613987685e-07,nan,nan,nan,nan
622,7.775,4.302837108e-07,3.684084844e-07,nan,nan,nan,nan
623,7.7875,4.386725884e-07,3.755467117e-07,nan,nan,nan,nan
624,7.8,4.472161236e-07,3.828156682e-07,nan,nan,nan,nan
625,7.8125,4.559169960e-07,3.902176135e-07,nan,nan,nan,nan
626,7.825,4.647779343e-07,3.977548298e-07,nan,nan,nan,nan
627,7.8375,4.738016998e-07,4.054296181e-07,nan,nan,nan,nan
628,7.85,4.829910837e-07,4.132443120e-07,nan,nan,nan,nan
629,7.8625,4.923489191e-07,4.212012926e-07,nan,nan,nan,nan
630,7.875,5.018780926e-07,4.293029898e-07,nan,nan,nan,nan
631,7.8875,5.115815442e-07,4.375554118e-07,nan,nan,nan,nan
632,7.9,5.214622589e-07,4.459583983e-07,nan,nan,nan,nan
633,7.9125,5.315232615e-07,4.545137698e-07,nan,nan,nan,nan
634,7.925,5.417676228e-07,4.632241052e-07,nan,nan,nan,nan
635,7.9375,5.521984674e-07,4.720920301e-07,nan,nan,nan,nan
636,7.95,5.628189741e-07,4.811202107e-07,nan,nan,nan,nan
637,7.9625,5.736323676e-07,4.903113475e-07,nan,nan,nan,nan
638,7.975,5.846419126e-07,4.996681785e-07,nan,nan,nan,nan
639,7.9875,5.958509214e-07,5.091934903e-07,nan,nan,nan,nan
640,8,6.072627671e-07,5.188901235e-07,nan,nan,nan,nan
641,8.0125,6.188808889e-07,5.287609648e-07,nan,nan,nan,nan
642,8.025,6.307087817e-07,5.388089338e-07,nan,nan,nan,nan
643,8.0375,6.427499809e-07,5.490369806e-07,nan,nan,nan,nan
644,8.05,6.550080595e-07,5.594480998e-07,nan,nan,nan,nan
645,8.0625,6.674866447e-07,5.700453480e-07,nan,nan,nan,nan
646,8.075,6.801894367e-07,5.808318460e-07,nan,nan,nan,nan
647,8.0875,6.931202117e-07,5.918107616e-07,nan,nan,nan,nan
648,8.1,7.062828044e-07,6.029852912e-07,nan,nan,nan,nan
649,8.1125,7.196810885e-07,6.143586606e-07,nan,nan,nan,nan
650,8.125,7.333189773e-07,6.259341464e-07,nan,nan,nan,nan
651,8.1375,7.472004442e-07,6.377150966e-07,nan,nan,nan,nan
652,8.15,7.613295435e-07,6.497049302e-07,nan,nan,nan,nan
653,8.1625,7.757104117e-07,6.619071156e-07,nan,nan,nan,nan
654,8.175,7.903472472e-07,6.743251507e-07,nan,nan,nan,nan
655,8.1875,8.052442917e-07,6.869625663e-07,nan,nan,nan,nan
656,8.2,8.204058327e-07,6.998229489e-07,nan,nan,nan,nan
657,8.2125,8.358362235e-07,7.129099616e-07,nan,nan,nan,nan
658,8.225,8.515461798e-07,7.262273408e-07,nan,nan,nan,nan
659,8.2375,8.675378592e-07,7.397788759e-07,nan,nan,nan,nan
660,8.25,8.838123226e-07,7.535683923e-07,nan,nan,nan,nan
661,8.2625,9.003742210e-07,7.675997555e-07,nan,nan,nan,nan
662,8.275,9.172282610e-07,7.818768927e-07,nan,nan,nan,nan
663,8.2875,9.343792220e-07,7.964038071e-07,nan,nan,nan,nan
664,8.3,9.518319694e-07,8.111845752e-07,nan,nan,nan,nan
665,8.3125,9.695914519e-07,8.262233300e-07,nan,nan,nan,nan
666,8.325,9.876626894e-07,8.415242508e-07,nan,nan,nan,nan
667,8.3375,1.006050766e-06,8.570915690e-07,nan,nan,nan,nan
668,8.35,1.024760834e-06,8.729295823e-07,nan,nan,nan,nan
669,8.3625,1.043798125e-06,8.890426627e-07,nan,nan,nan,nan
670,8.375,1.063167957e-06,9.054352522e-07,nan,nan,nan,nan
671,8.3875,1.082875729e-06,9.221118537e-07,nan,nan,nan,nan
672,8.4,1.102926915e-06,9.390770290e-07,nan,nan,nan,nan
673,8.4125,1.123327068e-06,9.563354050e-07,nan,nan,nan,nan
674,8.425,1.144081822e-06,9.738916807e-07,nan,nan,nan,nan
675,8.4375,1.165196897e-06,9.917506266e-07,nan,nan,nan,nan
676,8.45,1.186678099e-06,1.009917080e-06,nan,nan,nan,nan
677,8.4625,1.208531316e-06,1.028395945e-06,nan,nan,nan,nan
678,8.475,1.230762515e-06,1.047192194e-06,nan,nan,nan,nan
679,8.4875,1.253377755e-06,1.066310882e-06,nan,nan,nan,nan
680,8.5,1.276383187e-06,1.085757138e-06,nan,nan,nan,nan
681,8.5125,1.299785059e-06,1.105536162e-06,nan,nan,nan,nan
682,8.525,1.323589704e-06,1.125653221e-06,nan,nan,nan,nan
683,8.5375,1.347803536e-06,1.146113654e-06,nan,nan,nan,nan
684,8.55,1.372433060e-06,1.166922879e-06,nan,nan,nan,nan
685,8.5625,1.397484882e-06,1.188086405e-06,nan,nan,nan,nan
686,8.575,1.422965709e-06,1.209609825e-06,nan,nan,nan,nan
687,8.5875,1.448882353e-06,1.231498803e-06,nan,nan,nan,nan
688,8.6,1.475241714e-06,1.253759069e-06,nan,nan,nan,nan
689,8.6125,1.502050781e-06,1.276396433e-06,nan,nan,nan,nan
690,8.625,1.529316639e-06,1.299416798e-06,nan,nan,nan,nan
691,8.6375,1.557046483e-06,1.322826158e-06,nan,nan,nan,nan
692,8.65,1.585247622e-06,1.346630601e-06,nan,nan,nan,nan
693,8.6625,1.613927468e-06,1.370836287e-06,nan,nan,nan,nan
694,8.675,1.643093533e-06,1.395449452e-06,nan,nan,nan,nan
695,8.6875,1.672753427e-06,1.420476417e-06,nan,nan,nan,nan
696,8.7,1.702914863e-06,1.445923603e-06,nan,nan,nan,nan
697,8.7125,1.733585673e-06,1.471797528e-06,nan,nan,nan,nan
698,8.725,1.764773807e-06,1.498104805e-06,nan,nan,nan,nan
699,8.7375,1.796487326e-06,1.524852132e-06,nan,nan,nan,nan
700,8.75,1.828734400e-06,1.552050386e-06,nan,nan,nan,nan
701,8.7625,1.861523304e-06,1.579714037e-06,nan,nan,nan,nan
702,8.775,1.894862434e-06,1.607838934e-06,nan,nan,nan,nan
703,8.7875,1.928760304e-06,1.636432170e-06,nan,nan,nan,nan
704,8.8,1.963225554e-06,1.665500939e-06,nan,nan,nan,nan
705,8.8125,1.998266941e-06,1.695052528e-06,nan,nan,nan,nan
706,8.825,2.033893342e-06,1.725094317e-06,nan,nan,nan,nan
707,8.8375,2.070113754e-06,1.755633789e-06,nan,nan,nan,nan
708,8.85,2.106937297e-06,1.786678536e-06,nan,nan,nan,nan
709,8.8625,2.144373224e-06,1.818236256e-06,nan,nan,nan,nan
710,8.875,2.182430913e-06,1.850314751e-06,nan,nan,nan,nan
711,8.8875,2.221119872e-06,1.882921926e-06,nan,nan,nan,nan
712,8.9,2.260449737e-06,1.916065794e-06,nan,nan,nan,nan
713,8.9125,2.300430277e-06,1.949754477e-06,nan,nan,nan,nan
714,8.925,2.341071396e-06,1.983996208e-06,nan,nan,nan,nan
715,8.9375,2.382383131e-06,2.018799334e-06,nan,nan,nan,nan
716,8.95,2.424387524e-06,2.054172310e-06,nan,nan,nan,nan
717,8.9625,2.467100833e-06,2.090123709e-06,nan,nan,nan,nan
718,8.975,2.510516755e-06,2.126662217e-06,nan,nan,nan,nan
719,8.9875,2.554645912e-06,2.163796641e-06,nan,nan,nan,nan
720,9,2.599499071e-06,2.201535901e-06,nan,nan,nan,nan
721,9.0125,2.645087140e-06,2.239889038e-06,nan,nan,nan,nan
722,9.025,2.691421176e-06,2.278865212e-06,nan,nan,nan,nan
723,9.0375,2.738512383e-06,2.318473707e-06,nan,nan,nan,nan
724,9.05,2.786372122e-06,2.358723934e-06,nan,nan,nan,nan
725,9.0625,2.835011906e-06,2.399625429e-06,nan,nan,nan,nan
726,9.075,2.884443399e-06,2.441187847e-06,nan,nan,nan,nan
727,9.0875,2.934678416e-06,2.483420973e-06,nan,nan,nan,nan
728,9.1,2.985728928e-06,2.526334722e-06,nan,nan,nan,nan
729,9.1125,3.037607073e-06,2.569939141e-06,nan,nan,nan,nan
730,9.125,3.090325152e-06,2.614244416e-06,nan,nan,nan,nan
731,9.1375,3.143895633e-06,2.659260859e-06,nan,nan,nan,nan
732,9.15,3.198331136e-06,2.704998912e-06,nan,nan,nan,nan
733,9.1625,3.253644448e-06,2.751469156e-06,nan,nan,nan,nan
734,9.175,3.309848522e-06,2.798682313e-06,nan,nan,nan,nan
735,9.1875,3.366956490e-06,2.846649249e-06,nan,nan,nan,nan
736,9.2,3.424981663e-06,2.895380972e-06,nan,nan,nan,nan
737,9.2125,3.483937522e-06,2.944888625e-06,nan,nan,nan,nan
738,9.225,3.543837716e-06,2.995183493e-06,nan,nan,nan,nan
739,9.2375,3.604696067e-06,3.046277005e-06,nan,nan,nan,nan
740,9.25,3.666526580e-06,3.098180746e-06,nan,nan,nan,nan
741,9.2625,3.729343451e-06,3.150906454e-06,nan,nan,nan,nan
742,9.275,3.793161063e-06,3.204466015e-06,nan,nan,nan,nan
743,9.2875,3.857993981e-06,3.258871459e-06,nan,nan,nan,nan
744,9.3,3.923856951e-06,3.314134968e-06,nan,nan,nan,nan
745,9.3125,3.990764905e-06,3.370268883e-06,nan,nan,nan,nan
746,9.325,4.058732970e-06,3.427285705e-06,nan,nan,nan,nan
747,9.3375,4.127776475e-06,3.485198099e-06,nan,nan,nan,nan
748,9.35,4.197910947e-06,3.544018886e-06,nan,nan,nan,nan
749,9.3625,4.269152105e-06,3.603761044e-06,nan,nan,nan,nan
750,9.375,4.341515865e-06,3.664437714e-06,nan,nan,nan,nan
751,9.3875,4.415018345e-06,3.726062205e-06,nan,nan,nan,nan
752,9.4,4.489675871e-06,3.788647997e-06,nan,nan,nan,nan
753,9.4125,4.565504977e-06,3.852208738e-06,nan,nan,nan,nan
754,9.425,4.642522405e-06,3.916758243e-06,nan,nan,nan,nan
755,9.4375,4.720745105e-06,3.982310502e-06,nan,nan,nan,nan
756,9.45,4.800190239e-06,4.048879676e-06,nan,nan,nan,nan
757,9.4625,4.880875190e-06,4.116480109e-06,nan,nan,nan,nan
758,9.475,4.962817561e-06,4.185126317e-06,nan,nan,nan,nan
759,9.4875,5.046035169e-06,4.254832994e-06,nan,nan,nan,nan
760,9.5,5.130546046e-06,4.325615014e-06,nan,nan,nan,nan
761,9.5125,5.216368451e-06,4.397487438e-06,nan,nan,nan,nan
762,9.525,5.303520875e-06,4.470465519e-06,nan,nan,nan,nan
763,9.5375,5.392022045e-06,4.544564694e-06,nan,nan,nan,nan
764,9.55,5.481890920e-06,4.619800586e-06,nan,nan,nan,nan
765,9.5625,5.573146682e-06,4.696188996e-06,nan,nan,nan,nan
766,9.575,5.665808739e-06,4.773745923e-06,nan,nan,nan,nan
767,9.5875,5.759896736e-06,4.852487567e-06,nan,nan,nan,nan
768,9.6,5.855430577e-06,4.932430337e-06,nan,nan,nan,nan
769,9.6125,5.952430416e-06,5.013641531e-06,nan,nan,nan,nan
770,9.625,6.050916653e-06,5.096089032e-06,nan,nan,nan,nan
771,9.6375,6.150909917e-06,5.179789756e-06,nan,nan,nan,nan
772,9.65,6.252431077e-06,5.264760934e-06,nan,nan,nan,nan
773,9.6625,6.355562098e-06,5.351020017e-06,nan,nan,nan,nan
774,9.675,6.460282994e-06,5.438584676e-06,nan,nan,nan,nan
775,9.6875,6.566598638e-06,5.527472787e-06,nan,nan,nan,nan
776,9.7,6.674531014e-06,5.617702424e-06,nan,nan,nan,nan
777,9.7125,6.784102353e-06,5.709291865e-06,nan,nan,nan,nan
778,9.725,6.895335138e-06,5.802259611e-06,nan,nan,nan,nan
779,9.7375,7.008252130e-06,5.896624398e-06,nan,nan,nan,nan
780,9.75,7.122876375e-06,5.992405191e-06,nan,nan,nan,nan
781,9.7625,7.239231207e-06,6.089621176e-06,nan,nan,nan,nan
782,9.775,7.357340230e-06,6.188291745e-06,nan,nan,nan,nan
783,9.7875,7.477227311e-06,6.288436511e-06,nan,nan,nan,nan
784,9.8,7.598916589e-06,6.390075321e-06,nan,nan,nan,nan
785,9.8125,7.722432496e-06,6.493228268e-06,nan,nan,nan,nan
786,9.825,7.847799761e-06,6.597915686e-06,nan,nan,nan,nan
787,9.8375,7.975043414e-06,6.704158140e-06,nan,nan,nan,nan
788,9.85,8.104188768e-06,6.811976418e-06,nan,nan,nan,nan
789,9.8625,8.235261422e-06,6.921391546e-06,nan,nan,nan,nan
790,9.875,8.368287272e-06,7.032424799e-06,nan,nan,nan,nan
791,9.8875,8.503292517e-06,7.145097702e-06,nan,nan,nan,nan
792,9.9,8.640303667e-06,7.259432031e-06,nan,nan,nan,nan
793,9.9125,8.779347539e-06,7.375449805e-06,nan,nan,nan,nan
794,9.925,8.920451254e-06,7.493173288e-06,nan,nan,nan,nan
795,9.9375,9.063642240e-06,7.612625002e-06,nan,nan,nan,nan
796,9.95,9.208948247e-06,7.733827726e-06,nan,nan,nan,nan
797,9.9625,9.356397346e-06,7.856804501e-06,nan,nan,nan,nan
798,9.975,9.506017926e-06,7.981578619e-06,nan,nan,nan,nan
799,9.9875,9.657838689e-06,8.108173632e-06,nan,nan,nan,nan
800,10,9.811888661e-06,8.236613362e-06,nan,nan,nan,nan
801,10.0125,9.968197203e-06,8.366921906e-06,nan,nan,nan,nan
802,10.025,1.012679402e-05,8.499123634e-06,nan,nan,nan,nan
803,10.0375,1.028770916e-05,8.633243178e-06,nan,nan,nan,nan
804,10.05,1.045097298e-05,8.769305432e-06,nan,nan,nan,nan
805,10.0625,1.061661619e-05,8.907335564e-06,nan,nan,nan,nan
806,10.075,1.078466981e-05,9.047359034e-06,nan,nan,nan,nan
807,10.0875,1.095516524e-05,9.189401597e-06,nan,nan,nan,nan
808,10.1,1.112813425e-05,9.333489295e-06,nan,nan,nan,nan
809,10.1125,1.130360896e-05,9.479648437e-06,nan,nan,nan,nan
810,10.125,1.148162181e-05,9.627905603e-06,nan,nan,nan,nan
811,10.1375,1.166220560e-05,9.778287664e-06,nan,nan,nan,nan
812,10.15,1.184539349e-05,9.930821803e-06,nan,nan,nan,nan
813,10.1625,1.203121901e-05,1.008553551e-05,nan,nan,nan,nan
814,10.175,1.221971608e-05,1.024245659e-05,nan,nan,nan,nan
815,10.1875,1.241091900e-05,1.040161311e-05,nan,nan,nan,nan
816,10.2,1.260486243e-05,1.056303343e-05,nan,nan,nan,nan
817,10.2125,1.280158135e-05,1.072674620e-05,nan,nan,nan,nan
818,10.225,1.300111116e-05,1.089278043e-05,nan,nan,nan,nan
819,10.2375,1.320348764e-05,1.106116542e-05,nan,nan,nan,nan
820,10.25,1.340874698e-05,1.123193081e-05,nan,nan,nan,nan
821,10.2625,1.361692576e-05,1.140510653e-05,nan,nan,nan,nan
822,10.275,1.382806094e-05,1.158072279e-05,nan,nan,nan,nan
823,10.2875,1.404218983e-05,1.175881015e-05,nan,nan,nan,nan
824,10.3,1.425935017e-05,1.193939949e-05,nan,nan,nan,nan
825,10.3125,1.447958010e-05,1.212252203e-05,nan,nan,nan,nan
826,10.325,1.470291818e-05,1.230820933e-05,nan,nan,nan,nan
827,10.3375,1.492940339e-05,1.249649326e-05,nan,nan,nan,nan
828,10.35,1.515919318e-05,1.268740598e-05,nan,nan,nan,nan
829,10.3625,1.539228674e-05,1.288098004e-05,nan,nan,nan,nan
830,10.375,1.562865282e-05,1.307724830e-05,nan,nan,nan,nan
831,10.3875,1.586833215e-05,1.327624399e-05,nan,nan,nan,nan
832,10.4,1.611136592e-05,1.347800065e-05,nan,nan,nan,nan
833,10.4125,1.635779573e-05,1.368255218e-05,nan,nan,nan,nan
834,10.425,1.660766360e-05,1.388993282e-05,nan,nan,nan,nan
835,10.4375,1.686101200e-05,1.410017717e-05,nan,nan,nan,nan
836,10.45,1.711788384e-05,1.431345641e-05,nan,nan,nan,nan
837,10.4625,1.737832245e-05,1.452968522e-05,nan,nan,nan,nan
838,10.475,1.764237164e-05,1.474888821e-05,nan,nan,nan,nan
839,10.4875,1.791007562e-05,1.497110150e-05,nan,nan,nan,nan
840,10.5,1.818147908e-05,1.519636158e-05,nan,nan,nan,nan
841,10.5125,1.845662717e-05,1.542470529e-05,nan,nan,nan,nan
842,10.525,1.873556550e-05,1.565616985e-05,nan,nan,nan,nan
843,10.5375,1.901834013e-05,1.589079285e-05,nan,nan,nan,nan
844,10.55,1.930499758e-05,1.612861221e-05,nan,nan,nan,nan
845,10.5625,1.959558482e-05,1.636966628e-05,nan,nan,nan,nan
846,10.575,1.989014930e-05,1.661399378e-05,nan,nan,nan,nan
847,10.5875,2.018873897e-05,1.686163382e-05,nan,nan,nan,nan
848,10.6,2.049140227e-05,1.711262589e-05,nan,nan,nan,nan
849,10.6125,2.079818809e-05,1.736700985e-05,nan,nan,nan,nan
850,10.625,2.110914578e-05,1.762482593e-05,nan,nan,nan,nan
851,10.6375,2.142432520e-05,1.788611478e-05,nan,nan,nan,nan
852,10.65,2.174377667e-05,1.815091745e-05,nan,nan,nan,nan
853,10.6625,2.206755107e-05,1.841927542e-05,nan,nan,nan,nan
854,10.675,2.239569975e-05,1.869123054e-05,nan,nan,nan,nan
855,10.6875,2.272827456e-05,1.896682502e-05,nan,nan,nan,nan
856,10.7,2.306532783e-05,1.924610150e-05,nan,nan,nan,nan
857,10.7125,2.340691238e-05,1.952910303e-05,nan,nan,nan,nan
858,10.725,2.375308156e-05,1.981587310e-05,nan,nan,nan,nan
859,10.7375,2.410388926e-05,2.010645560e-05,nan,nan,nan,nan
860,10.75,2.445938988e-05,2.040089485e-05,nan,nan,nan,nan
861,10.7625,2.481963834e-05,2.069923553e-05,nan,nan,nan,nan
862,10.775,2.518469006e-05,2.100152277e-05,nan,nan,nan,nan
863,10.7875,2.555460095e-05,2.130780211e-05,nan,nan,nan,nan
864,10.8,2.592942750e-05,2.161811955e-05,nan,nan,nan,nan
865,10.8125,2.630922674e-05,2.193252153e-05,nan,nan,nan,nan
866,10.825,2.669405622e-05,2.225105488e-05,nan,nan,nan,nan
867,10.8375,2.708397404e-05,2.257376688e-05,nan,nan,nan,nan
868,10.85,2.747903881e-05,2.290070520e-05,nan,nan,nan,nan
869,10.8625,2.787930969e-05,2.323191801e-05,nan,nan,nan,nan
870,10.875,2.828484641e-05,2.356745391e-05,nan,nan,nan,nan
871,10.8875,2.869570923e-05,2.390736192e-05,nan,nan,nan,nan
872,10.9,2.911195900e-05,2.425169153e-05,nan,nan,nan,nan
873,10.9125,2.953365709e-05,2.460049266e-05,nan,nan,nan,nan
874,10.925,2.996086543e-05,2.495381568e-05,nan,nan,nan,nan
875,10.9375,3.039364653e-05,2.531171142e-05,nan,nan,nan,nan
876,10.95,3.083206348e-05,2.567423117e-05,nan,nan,nan,nan
877,10.9625,3.127617990e-05,2.604142667e-05,nan,nan,nan,nan
878,10.975,3.172606002e-05,2.641335012e-05,nan,nan,nan,nan
879,10.9875,3.218176860e-05,2.679005417e-05,nan,nan,nan,nan
880,11,3.264337103e-05,2.717159197e-05,nan,nan,nan,nan
881,11.0125,3.311093325e-05,2.755801712e-05,nan,nan,nan,nan
882,11.025,3.358487131e-05,2.794938369e-05,nan,nan,nan,nan
883,11.0375,3.406499769e-05,2.834574620e-05,nan,nan,nan,nan
884,11.05,3.455129803e-05,2.874715965e-05,nan,nan,nan,nan
885,11.0625,3.504384088e-05,2.915367954e-05,nan,nan,nan,nan
886,11.075,3.554269539e-05,2.956536186e-05,nan,nan,nan,nan
887,11.0875,3.604793136e-05,2.998226307e-05,nan,nan,nan,nan
888,11.1,3.655961917e-05,3.040444009e-05,nan,nan,nan,nan
889,11.1125,3.707782977e-05,3.083195032e-05,nan,nan,nan,nan
890,11.125,3.760263474e-05,3.126485165e-05,nan,nan,nan,nan
891,11.1375,3.813410627e-05,3.170320251e-05,nan,nan,nan,nan
892,11.15,3.867231720e-05,3.214706180e-05,nan,nan,nan,nan
893,11.1625,3.921734098e-05,3.259648891e-05,nan,nan,nan,nan
894,11.175,3.976925171e-05,3.305154373e-05,nan,nan,nan,nan
895,11.1875,4.032812406e-05,3.351228660e-05,nan,nan,nan,nan
896,11.2,4.089403333e-05,3.397877839e-05,nan,nan,nan,nan
897,11.2125,4.146705546e-05,3.445108052e-05,nan,nan,nan,nan
898,11.225,4.204726706e-05,3.492925489e-05,nan,nan,nan,nan
899,11.2375,4.263474538e-05,3.541336391e-05,nan,nan,nan,nan
900,11.25,4.322956829e-05,3.590347048e-05,nan,nan,nan,nan
901,11.2625,4.383181430e-05,3.639963800e-05,nan,nan,nan,nan
902,11.275,4.444156254e-05,3.690229456e-05,nan,nan,nan,nan
903,11.2875,4.505889280e-05,3.741117313e-05,nan,nan,nan,nan
904,11.3,4.568388555e-05,3.792631695e-05,nan,nan,nan,nan
905,11.3125,4.631662191e-05,3.844779174e-05,nan,nan,nan,nan
906,11.325,4.695718365e-05,3.897566369e-05,nan,nan,nan,nan
907,11.3375,4.760565319e-05,3.950999953e-05,nan,nan,nan,nan
908,11.35,4.826211360e-05,4.005086652e-05,nan,nan,nan,nan
909,11.3625,4.892664860e-05,4.059833247e-05,nan,nan,nan,nan
910,11.375,4.959934264e-05,4.115246572e-05,nan,nan,nan,nan
911,11.3875,5.028028077e-05,4.171333515e-05,nan,nan,nan,nan
912,11.4,5.096954877e-05,4.228101013e-05,nan,nan,nan,nan
913,11.4125,5.166723303e-05,4.285556060e-05,nan,nan,nan,nan
914,11.425,5.237342066e-05,4.343705705e-05,nan,nan,nan,nan
915,11.4375,5.308819942e-05,4.402557048e-05,nan,nan,nan,nan
916,11.45,5.381165776e-05,4.462117245e-05,nan,nan,nan,nan
917,11.4625,5.454388483e-05,4.522393508e-05,nan,nan,nan,nan
918,11.475,5.528497041e-05,4.583393099e-05,nan,nan,nan,nan
919,11.4875,5.603500502e-05,4.645123340e-05,nan,nan,nan,nan
920,11.5,5.679407984e-05,4.707591604e-05,nan,nan,nan,nan
921,11.5125,5.756228675e-05,4.770805321e-05,nan,nan,nan,nan
922,11.525,5.833971833e-05,4.834771975e-05,nan,nan,nan,nan
923,11.5375,5.912646781e-05,4.899499104e-05,nan,nan,nan,nan
924,11.55,5.992262914e-05,4.964994304e-05,nan,nan,nan,nan
925,11.5625,6.072829697e-05,5.031265226e-05,nan,nan,nan,nan
926,11.575,6.154356666e-05,5.098319578e-05,nan,nan,nan,nan
927,11.5875,6.236853426e-05,5.166165122e-05,nan,nan,nan,nan
928,11.6,6.320329653e-05,5.234809675e-05,nan,nan,nan,nan
929,11.6125,6.404795089e-05,5.304261108e-05,nan,nan,nan,nan
930,11.625,6.490259549e-05,5.374527353e-05,nan,nan,nan,nan
931,11.6375,6.576732919e-05,5.445616399e-05,nan,nan,nan,nan
932,11.65,6.664225158e-05,5.517536289e-05,nan,nan,nan,nan
933,11.6625,6.752746294e-05,5.590295122e-05,nan,nan,nan,nan
934,11.675,6.842327495e-05,5.663901053e-05,nan,nan,nan,nan
935,11.6875,6.933028502e-05,5.738362293e-05,nan,nan,nan,nan
936,11.7,7.024791373e-05,5.813687111e-05,nan,nan,nan,nan
937,11.7125,7.117626465e-05,5.889883837e-05,nan,nan,nan,nan
938,11.725,7.211544209e-05,5.966960854e-05,nan,nan,nan,nan
939,11.7375,7.306555106e-05,6.044926602e-05,nan,nan,nan,nan
940,11.75,7.402669728e-05,6.123789578e-05,nan,nan,nan,nan
941,11.7625,7.499898719e-05,6.203558332e-05,nan,nan,nan,nan
942,11.775,7.598252796e-05,6.284241480e-05,nan,nan,nan,nan
943,11.7875,7.697742749e-05,6.365847690e-05,nan,nan,nan,nan
944,11.8,7.798379442e-05,6.448385690e-05,nan,nan,nan,nan
945,11.8125,7.900173811e-05,6.531864263e-05,nan,nan,nan,nan
946,11.825,8.003136864e-05,6.616292248e-05,nan,nan,nan,nan
947,11.8375,8.107279681e-05,6.701678544e-05,nan,nan,nan,nan
948,11.85,8.212613416e-05,6.788032106e-05,nan,nan,nan,nan
949,11.8625,8.319149294e-05,6.875361950e-05,nan,nan,nan,nan
950,11.875,8.426898617e-05,6.963677146e-05,nan,nan,nan,nan
951,11.8875,8.535872758e-05,7.052986822e-05,nan,nan,nan,nan
952,11.9,8.646083162e-05,7.143300163e-05,nan,nan,nan,nan
953,11.9125,8.757541346e-05,7.234626414e-05,nan,nan,nan,nan
954,11.925,8.870258903e-05,7.326974874e-05,nan,nan,nan,nan
955,11.9375,8.984247498e-05,7.420354904e-05,nan,nan,nan,nan
956,11.95,9.099518868e-05,7.514775918e-05,nan,nan,nan,nan
957,11.9625,9.216084825e-05,7.610247390e-05,nan,nan,nan,nan
958,11.975,9.333957250e-05,7.706778851e-05,nan,nan,nan,nan
959,11.9875,9.453148102e-05,7.804379890e-05,nan,nan,nan,nan
960,12,9.573669410e-05,7.903060153e-05,nan,nan,nan,nan
961,12.0125,9.695533277e-05,8.002829342e-05,nan,nan,nan,nan
962,12.025,9.818751878e-05,8.103697217e-05,nan,nan,nan,nan
963,12.0375,9.943337460e-05,8.205673596e-05,nan,nan,nan,nan
964,12.05,1.006930234e-04,8.308768354e-05,nan,nan,nan,nan
965,12.0625,1.019665892e-04,8.412991424e-05,nan,nan,nan,nan
966,12.075,1.032541967e-04,8.518352795e-05,nan,nan,nan,nan
967,12.0875,1.045559711e-04,8.624950332e-05,nan,nan,nan,nan
968,12.1,1.058720387e-04,8.732712397e-05,nan,nan,nan,nan
969,12.1125,1.072025262e-04,8.841645415e-05,nan,nan,nan,nan
970,12.125,1.085475612e-04,8.951759642e-05,nan,nan,nan,nan
971,12.1375,1.099072719e-04,9.063065392e-05,nan,nan,nan,nan
972,12.15,1.112817875e-04,9.175573032e-05,nan,nan,nan,nan
973,12.1625,1.126712375e-04,9.289292985e-05,nan,nan,nan,nan
974,12.175,1.140757524e-04,9.404235734e-05,nan,nan,nan,nan
975,12.1875,1.154954633e-04,9.520411816e-05,nan,nan,nan,nan
976,12.2,1.169305021e-04,9.637831826e-05,nan,nan,nan,nan
977,12.2125,1.183810013e-04,9.756506418e-05,nan,nan,nan,nan
978,12.225,1.198470942e-04,9.876446298e-05,nan,nan,nan,nan
979,12.2375,1.213289149e-04,9.997662227e-05,nan,nan,nan,nan
980,12.25,1.228265979e-04,1.012016502e-04,nan,nan,nan,nan
981,12.2625,1.243402787e-04,1.024396556e-04,nan,nan,nan,nan
982,12.275,1.258700932e-04,1.036907476e-04,nan,nan,nan,nan
983,12.2875,1.274161784e-04,1.049550363e-04,nan,nan,nan,nan
984,12.3,1.289786717e-04,1.062326319e-04,nan,nan,nan,nan
985,12.3125,1.305577113e-04,1.075236453e-04,nan,nan,nan,nan
986,12.325,1.321548479e-04,1.088281881e-04,nan,nan,nan,nan
987,12.3375,1.337692165e-04,1.101463723e-04,nan,nan,nan,nan
988,12.35,1.354005948e-04,1.114783105e-04,nan,nan,nan,nan
989,12.3625,1.370491245e-04,1.128241157e-04,nan,nan,nan,nan
990,12.375,1.387149479e-04,1.141839017e-04,nan,nan,nan,nan
991,12.3875,1.403982079e-04,1.155577825e-04,nan,nan,nan,nan
992,12.4,1.420990483e-04,1.169458729e-04,nan,nan,nan,nan
993,12.4125,1.438176134e-04,1.183482881e-04,nan,nan,nan,nan
994,12.425,1.455540482e-04,1.197651438e-04,nan,nan,nan,nan
995,12.4375,1.473084985e-04,1.211965564e-04,nan,nan,nan,nan
996,12.45,1.490811106e-04,1.226426426e-04,nan,nan,nan,nan
997,12.4625,1.508720315e-04,1.241035197e-04,nan,nan,nan,nan
998,12.475,1.526814090e-04,1.255793056e-04,nan,nan,nan,nan
999,12.4875,1.545093913e-04,1.270701185e-04,nan,nan,nan,nan
1000,12.5,1.563561274e-04,1.285760773e-04,nan,nan,nan,nan
1001,12.5125,1.582217670e-04,1.300973014e-04,nan,nan,nan,nan
1002,12.525,1.601064603e-04,1.316339105e-04,nan,nan,nan,nan
1003,12.5375,1.620103583e-04,1.331860250e-04,nan,nan,nan,nan
1004,12.55,1.639336124e-04,1.347537657e-04,nan,nan,nan,nan
1005,12.5625,1.658763749e-04,1.363372539e-04,nan,nan,nan,nan
1006,12.575,1.678387986e-04,1.379366114e-04,nan,nan,nan,nan
1007,12.5875,1.698210368e-04,1.395519604e-04,nan,nan,nan,nan
1008,12.6,1.718232435e-04,1.411834237e-04,nan,nan,nan,nan
1009,12.6125,1.738455735e-04,1.428311244e-04,nan,nan,nan,nan
1010,12.625,1.758881818e-04,1.444951863e-04,nan,nan,nan,nan
1011,12.6375,1.779512244e-04,1.461757335e-04,nan,nan,nan,nan
1012,12.65,1.800348576e-04,1.478728906e-04,nan,nan,nan,nan
1013,12.6625,1.821392384e-04,1.495867825e-04,nan,nan,nan,nan
1014,12.675,1.842645244e-04,1.513175349e-04,nan,nan,nan,nan
1015,12.6875,1.864108738e-04,1.530652735e-04,nan,nan,nan,nan
1016,12.7,1.885784452e-04,1.548301248e-04,nan,nan,nan,nan
1017,12.7125,1.907673980e-04,1.566122157e-04,nan,nan,nan,nan
1018,12.725,1.929778919e-04,1.584116732e-04,nan,nan,nan,nan
1019,12.7375,1.952100873e-04,1.602286250e-04,nan,nan,nan,nan
1020,12.75,1.974641451e-04,1.620631993e-04,nan,nan,nan,nan
1021,12.7625,1.997402268e-04,1.639155244e-04,nan,nan,nan,nan
1022,12.775,2.020384943e-04,1.657857293e-04,nan,nan,nan,nan
1023,12.7875,2.043591102e-04,1.676739432e-04,nan,nan,nan,nan
1024,12.8,2.067022373e-04,1.695802958e-04,nan,nan,nan,nan
1025,12.8125,2.090680393e-04,1.715049172e-04,nan,nan,nan,nan
1026,12.825,2.114566802e-04,1.734479378e-04,nan,nan,nan,nan
1027,12.8375,2.138683243e-04,1.754094884e-04,nan,nan,nan,nan
1028,12.85,2.163031367e-04,1.773897002e-04,nan,nan,nan,nan
1029,12.8625,2.187612829e-04,1.793887048e-04,nan,nan,nan,nan
1030,12.875,2.212429287e-04,1.814066340e-04,nan,nan,nan,nan
1031,12.8875,2.237482405e-04,1.834453528e-04,nan,nan,nan,nan
1032,12.9,2.262773852e-04,1.855035457e-04,nan,nan,nan,nan
1033,12.9125,2.288305300e-04,1.875811064e-04,nan,nan,nan,nan
1034,12.925,2.314078425e-04,1.896781687e-04,nan,nan,nan,nan
1035,12.9375,2.340094910e-04,1.917948669e-04,nan,nan,nan,nan
1036,12.95,2.366369035e-04,1.939313357e-04,nan,nan,nan,nan
1037,12.9625,2.392910306e-04,1.960877097e-04,nan,nan,nan,nan
1038,12.975,2.419700753e-04,1.982641243e-04,nan,nan,nan,nan
1039,12.9875,2.446742085e-04,2.004607149e-04,nan,nan,nan,nan
1040,13,2.474036013e-04,2.026776172e-04,nan,nan,nan,nan
1041,13.0125,2.501584253e-04,2.049149675e-04,nan,nan,nan,nan
1042,13.025,2.529388524e-04,2.071729019e-04,nan,nan,nan,nan
1043,13.0375,2.557450549e-04,2.094515571e-04,nan,nan,nan,nan
1044,13.05,2.585772055e-04,2.117510699e-04,nan,nan,nan,nan
1045,13.0625,2.614354771e-04,2.140715776e-04,nan,nan,nan,nan
1046,13.075,2.643200431e-04,2.164132174e-04,nan,nan,nan,nan
1047,13.0875,2.672310771e-04,2.187761269e-04,nan,nan,nan,nan
1048,13.1,2.701687529e-04,2.211604440e-04,nan,nan,nan,nan
1049,13.1125,2.731332449e-04,2.235663068e-04,nan,nan,nan,nan
1050,13.125,2.761247275e-04,2.259938534e-04,nan,nan,nan,nan
1051,13.1375,2.791433755e-04,2.284432225e-04,nan,nan,nan,nan
1052,13.15,2.821893640e-04,2.309145525e-04,nan,nan,nan,nan
1053,13.1625,2.852628683e-04,2.334079824e-04,nan,nan,nan,nan
1054,13.175,2.883640640e-04,2.359236512e-04,nan,nan,nan,nan
1055,13.1875,2.914931267e-04,2.384616980e-04,nan,nan,nan,nan
1056,13.2,2.946502326e-04,2.410222623e-04,nan,nan,nan,nan
1057,13.2125,2.978355578e-04,2.436054835e-04,nan,nan,nan,nan
1058,13.225,3.010492786e-04,2.462115011e-04,nan,nan,nan,nan
1059,13.2375,3.042915717e-04,2.488404551e-04,nan,nan,nan,nan
1060,13.25,3.075626138e-04,2.514924852e-04,nan,nan,nan,nan
1061,13.2625,3.108625818e-04,2.541677314e-04,nan,nan,nan,nan
1062,13.275,3.141916527e-04,2.568663339e-04,nan,nan,nan,nan
1063,13.2875,3.175500037e-04,2.595884327e-04,nan,nan,nan,nan
1064,13.3,3.209378121e-04,2.623341681e-04,nan,nan,nan,nan
1065,13.3125,3.243552553e-04,2.651036805e-04,nan,nan,nan,nan
1066,13.325,3.278025108e-04,2.678971102e-04,nan,nan,nan,nan
1067,13.3375,3.312797561e-04,2.707145976e-04,nan,nan,nan,nan
1068,13.35,3.347871688e-04,2.735562832e-04,nan,nan,nan,nan
1069,13.3625,3.383249266e-04,2.764223074e-04,nan,nan,nan,nan
1070,13.375,3.418932073e-04,2.793128107e-04,nan,nan,nan,nan
1071,13.3875,3.454921885e-04,2.822279337e-04,nan,nan,nan,nan
1072,13.4,3.491220480e-04,2.851678168e-04,nan,nan,nan,nan
1073,13.4125,3.527829636e-04,2.881326004e-04,nan,nan,nan,nan
1074,13.425,3.564751129e-04,2.911224250e-04,nan,nan,nan,nan
1075,13.4375,3.601986736e-04,2.941374311e-04,nan,nan,nan,nan
1076,13.45,3.639538233e-04,2.971777588e-04,nan,nan,nan,nan
1077,13.4625,3.677407397e-04,3.002435486e-04,nan,nan,nan,nan
1078,13.475,3.715596002e-04,3.033349405e-04,nan,nan,nan,nan
1079,13.4875,3.754105821e-04,3.064520747e-04,nan,nan,nan,nan
1080,13.5,3.792938628e-04,3.095950911e-04,nan,nan,nan,nan
1081,13.5125,3.832096193e-04,3.127641297e-04,nan,nan,nan,nan
1082,13.525,3.871580288e-04,3.159593302e-04,nan,nan,nan,nan
1083,13.5375,3.911392680e-04,3.191808322e-04,nan,nan,nan,nan
1084,13.55,3.951535136e-04,3.224287752e-04,nan,nan,nan,nan
1085,13.5625,3.992009421e-04,3.257032984e-04,nan,nan,nan,nan
1086,13.575,4.032869307e-04,3.290045411e-04,nan,nan,nan,nan
1087,13.5875,4.074070055e-04,3.323326420e-04,nan,nan,nan,nan
1088,13.6,4.115609099e-04,3.356877400e-04,nan,nan,nan,nan
1089,13.6125,4.157488209e-04,3.390699735e-04,nan,nan,nan,nan
1090,13.625,4.199709154e-04,3.424794808e-04,nan,nan,nan,nan
1091,13.6375,4.242273698e-04,3.459164000e-04,nan,nan,nan,nan
1092,13.65,4.285183604e-04,3.493808688e-04,nan,nan,nan,nan
1093,13.6625,4.328440630e-04,3.528730247e-04,nan,nan,nan,nan
1094,13.675,4.372046532e-04,3.563953641e-04,nan,nan,nan,nan
1095,13.6875,4.416003063e-04,3.599472526e-04,nan,nan,nan,nan
1096,13.7,4.460311969e-04,3.635273179e-04,nan,nan,nan,nan
1097,13.7125,4.504974997e-04,3.671356971e-04,nan,nan,nan,nan
1098,13.725,4.549993885e-04,3.707725273e-04,nan,nan,nan,nan
1099,13.7375,4.595370372e-04,3.744379448e-04,nan,nan,nan,nan
1100,13.75,4.641106188e-04,3.781320860e-04,nan,nan,nan,nan
1101,13.7625,4.687203061e-04,3.818550867e-04,nan,nan,nan,nan
1102,13.775,4.733662714e-04,3.856070821e-04,nan,nan,nan,nan
1103,13.7875,4.780486864e-04,3.893882074e-04,nan,nan,nan,nan
1104,13.8,4.827677223e-04,3.931985971e-04,nan,nan,nan,nan
1105,13.8125,4.875235498e-04,3.970383854e-04,nan,nan,nan,nan
1106,13.825,4.923163392e-04,4.009077059e-04,nan,nan,nan,nan
1107,13.8375,4.971462600e-04,4.048066919e-04,nan,nan,nan,nan
1108,13.85,5.020134811e-04,4.087354762e-04,nan,nan,nan,nan
1109,13.8625,5.069181710e-04,4.126941909e-04,nan,nan,nan,nan
1110,13.875,5.118604975e-04,4.166829678e-04,nan,nan,nan,nan
1111,13.8875,5.168406275e-04,4.207019382e-04,nan,nan,nan,nan
1112,13.9,5.218587276e-04,4.247512327e-04,nan,nan,nan,nan
1113,13.9125,5.269149635e-04,4.288309813e-04,nan,nan,nan,nan
1114,13.925,5.320095002e-04,4.329413137e-04,nan,nan,nan,nan
1115,13.9375,5.371425019e-04,4.370823587e-04,nan,nan,nan,nan
1116,13.95,5.423141323e-04,4.412542447e-04,nan,nan,nan,nan
1117,13.9625,5.475245541e-04,4.454570994e-04,nan,nan,nan,nan
1118,13.975,5.527739293e-04,4.496910499e-04,nan,nan,nan,nan
1119,13.9875,5.580624191e-04,4.539562226e-04,nan,nan,nan,nan
1120,14,5.633901837e-04,4.582527431e-04,nan,nan,nan,nan
1121,14.0125,5.687573827e-04,4.625807366e-04,nan,nan,nan,nan
1122,14.025,5.741641746e-04,4.669403275e-04,nan,nan,nan,nan
1123,14.0375,5.796107171e-04,4.713316392e-04,nan,nan,nan,nan
1124,14.05,5.850971670e-04,4.757547948e-04,nan,nan,nan,nan
1125,14.0625,5.906236802e-04,4.802099164e-04,nan,nan,nan,nan
1126,14.075,5.961904115e-04,4.846971252e-04,nan,nan,nan,nan
1127,14.0875,6.017975147e-04,4.892165419e-04,nan,nan,nan,nan
1128,14.1,6.074451429e-04,4.937682863e-04,nan,nan,nan,nan
1129,14.1125,6.131334477e-04,4.983524772e-04,nan,nan,nan,nan
1130,14.125,6.188625801e-04,5.029692328e-04,nan,nan,nan,nan
1131,14.1375,6.246326897e-04,5.076186703e-04,nan,nan,nan,nan
1132,14.15,6.304439252e-04,5.123009062e-04,nan,nan,nan,nan
1133,14.1625,6.362964340e-04,5.170160558e-04,nan,nan,nan,nan
1134,14.175,6.421931723e-04,5.217642337e-04,nan,nan,nan,nan
1135,14.1875,6.481379076e-04,5.265455535e-04,nan,nan,nan,nan
1136,14.2,6.541245253e-04,5.313601280e-04,nan,nan,nan,nan
1137,14.2125,6.601531700e-04,5.362080689e-04,nan,nan,nan,nan
1138,14.225,6.662239853e-04,5.410894869e-04,nan,nan,nan,nan
1139,14.2375,6.723371132e-04,5.460044918e-04,nan,nan,nan,nan
1140,14.25,6.784926949e-04,5.509531923e-04,nan,nan,nan,nan
1141,14.2625,6.846908699e-04,5.559356961e-04,nan,nan,nan,nan
1142,14.275,6.909317766e-04,5.609521099e-04,nan,nan,nan,nan
1143,14.2875,6.972155520e-04,5.660025392e-04,nan,nan,nan,nan
1144,14.3,7.035423318e-04,5.710870885e-04,nan,nan,nan,nan
1145,14.3125,7.099122503e-04,5.762058612e-04,nan,nan,nan,nan
1146,14.325,7.163254403e-04,5.813589596e-04,nan,nan,nan,nan
1147,14.3375,7.227820333e-04,5.865464848e-04,nan,nan,nan,nan
1148,14.35,7.292821592e-04,5.917685367e-04,nan,nan,nan,nan
1149,14.3625,7.358259465e-04,5.970252140e-04,nan,nan,nan,nan
1150,14.375,7.424135222e-04,6.023166145e-04,nan,nan,nan,nan
1151,14.3875,7.490450118e-04,6.076428344e-04,nan,nan,nan,nan
1152,14.4,7.557205393e-04,6.130039688e-04,nan,nan,nan,nan
1153,14.4125,7.624402269e-04,6.184001117e-04,nan,nan,nan,nan
1154,14.425,7.692041954e-04,6.238313555e-04,nan,nan,nan,nan
1155,14.4375,7.760125639e-04,6.292977917e-04,nan,nan,nan,nan
1156,14.45,7.828654500e-04,6.347999211e-04,nan,nan,nan,nan
1157,14.4625,7.897629693e-04,6.403440692e-04,nan,nan,nan,nan
1158,14.475,7.967052361e-04,6.459237996e-04,nan,nan,nan,nan
1159,14.4875,8.036923627e-04,6.515391996e-04,nan,nan,nan,nan
1160,14.5,8.107244598e-04,6.571903549e-04,nan,nan,nan,nan
1161,14.5125,8.178016362e-04,6.628773499e-04,nan,nan,nan,nan
1162,14.525,8.249239991e-04,6.686002675e-04,nan,nan,nan,nan
1163,14.5375,8.320916536e-04,6.743591893e-04,nan,nan,nan,nan
1164,14.55,8.393047033e-04,6.801541953e-04,nan,nan,nan,nan
1165,14.5625,8.465632497e-04,6.859853642e-04,nan,nan,nan,nan
1166,14.575,8.538673925e-04,6.918527730e-04,nan,nan,nan,nan
1167,14.5875,8.612172294e-04,6.977564974e-04,nan,nan,nan,nan
1168,14.6,8.686128562e-04,7.036966113e-04,nan,nan,nan,nan
1169,14.6125,8.760543668e-04,7.096731874e-04,nan,nan,nan,nan
1170,14.625,8.835418531e-04,7.156862965e-04,nan,nan,nan,nan
1171,14.6375,8.910754049e-04,7.217360079e-04,nan,nan,nan,nan
1172,14.65,8.986551100e-04,7.278223895e-04,nan,nan,nan,nan
1173,14.6625,9.062810542e-04,7.339455073e-04,nan,nan,nan,nan
1174,14.675,9.139533212e-04,7.401054257e-04,nan,nan,nan,nan
1175,14.6875,9.216719924e-04,7.463022077e-04,nan,nan,nan,nan
1176,14.7,9.294371473e-04,7.525359142e-04,nan,nan,nan,nan
1177,14.7125,9.372488632e-04,7.588066048e-04,nan,nan,nan,nan
1178,14.725,9.451072151e-04,7.651143371e-04,nan,nan,nan,nan
1179,14.7375,9.530122759e-04,7.714591670e-04,nan,nan,nan,nan
1180,14.75,9.609641162e-04,7.778411487e-04,nan,nan,nan,nan
1181,14.7625,9.689628044e-04,7.842603347e-04,nan,nan,nan,nan
1182,14.775,9.770148693e-04,7.907167755e-04,nan,nan,nan,nan
1183,14.7875,9.851217237e-04,7.972105200e-04,nan,nan,nan,nan
1184,14.8,9.932758571e-04,8.037416150e-04,nan,nan,nan,nan
1185,14.8125,1.001477331e-03,8.103101058e-04,nan,nan,nan,nan
1186,14.825,1.009726204e-03,8.169160355e-04,nan,nan,nan,nan
1187,14.8375,1.018022532e-03,8.235594454e-04,nan,nan,nan,nan
1188,14.85,1.026366370e-03,8.302403751e-04,nan,nan,nan,nan
1189,14.8625,1.034757769e-03,8.369588619e-04,nan,nan,nan,nan
1190,14.875,1.043196778e-03,8.437149415e-04,nan,nan,nan,nan
1191,14.8875,1.051683445e-03,8.505086473e-04,nan,nan,nan,nan
1192,14.9,1.060217812e-03,8.573400111e-04,nan,nan,nan,nan
1193,14.9125,1.068799922e-03,8.642090623e-04,nan,nan,nan,nan
1194,14.925,1.077429813e-03,8.711158285e-04,nan,nan,nan,nan
1195,14.9375,1.086107522e-03,8.780603354e-04,nan,nan,nan,nan
1196,14.95,1.094833083e-03,8.850426063e-04,nan,nan,nan,nan
1197,14.9625,1.103606527e-03,8.920626626e-04,nan,nan,nan,nan
1198,14.975,1.112427881e-03,8.991205236e-04,nan,nan,nan,nan
1199,14.9875,1.121297173e-03,9.062162064e-04,nan,nan,nan,nan
1200,15,1.130214424e-03,9.133497263e-04,nan,nan,nan,nan
1201,15.0125,1.139179656e-03,9.205210959e-04,nan,nan,nan,nan
1202,15.025,1.148192885e-03,9.277303260e-04,nan,nan,nan,nan
1203,15.0375,1.157254127e-03,9.349774252e-04,nan,nan,nan,nan
1204,15.05,1.166363393e-03,9.422623999e-04,nan,nan,nan,nan
1205,15.0625,1.175520692e-03,9.495852540e-04,nan,nan,nan,nan
1206,15.075,1.184726032e-03,9.569459896e-04,nan,nan,nan,nan
1207,15.0875,1.193979414e-03,9.643446061e-04,nan,nan,nan,nan
1208,15.1,1.203280840e-03,9.717811009e-04,nan,nan,nan,nan
1209,15.1125,1.212630307e-03,9.792554691e-04,nan,nan,nan,nan
1210,15.125,1.222027810e-03,9.867677034e-04,nan,nan,nan,nan
1211,15.1375,1.231473340e-03,9.943177943e-04,nan,nan,nan,nan
1212,15.15,1.240966886e-03,1.001905730e-03,nan,nan,nan,nan
1213,15.1625,1.250508433e-03,1.009531495e-03,nan,nan,nan,nan
1214,15.175,1.260097964e-03,1.017195075e-03,nan,nan,nan,nan
1215,15.1875,1.269735460e-03,1.024896448e-03,nan,nan,nan,nan
1216,15.2,1.279420895e-03,1.032635595e-03,nan,nan,nan,nan
1217,15.2125,1.289154243e-03,1.040412491e-03,nan,nan,nan,nan
1218,15.225,1.298935475e-03,1.048228771e-03,nan,nan,nan,nan
1219,15.2375,1.308764558e-03,1.056092843e-03,nan,nan,nan,nan
1220,15.25,1.318641455e-03,1.063994755e-03,nan,nan,nan,nan
1221,15.2625,1.328566128e-03,1.071934474e-03,nan,nan,nan,nan
1222,15.275,1.338538533e-03,1.079911967e-03,nan,nan,nan,nan
1223,15.2875,1.348558626e-03,1.087927194e-03,nan,nan,nan,nan
1224,15.3,1.358626356e-03,1.095980116e-03,nan,nan,nan,nan
1225,15.3125,1.368741672e-03,1.104070691e-03,nan,nan,nan,nan
1226,15.325,1.378904518e-03,1.112198872e-03,nan,nan,nan,nan
1227,15.3375,1.389114836e-03,1.120364613e-03,nan,nan,nan,nan
1228,15.35,1.399372562e-03,1.128567864e-03,nan,nan,nan,nan
1229,15.3625,1.409683645e-03,1.136808570e-03,nan,nan,nan,nan
1230,15.375,1.420056813e-03,1.145086676e-03,nan,nan,nan,nan
1231,15.3875,1.430477495e-03,1.153402125e-03,nan,nan,nan,nan
1232,15.4,1.440945616e-03,1.161754854e-03,nan,nan,nan,nan
1233,15.4125,1.451461099e-03,1.170144802e-03,nan,nan,nan,nan
1234,15.425,1.462023864e-03,1.178571900e-03,nan,nan,nan,nan
1235,15.4375,1.472633828e-03,1.187036080e-03,nan,nan,nan,nan
1236,15.45,1.483290902e-03,1.195537271e-03,nan,nan,nan,nan
1237,15.4625,1.493994997e-03,1.204075398e-03,nan,nan,nan,nan
1238,15.475,1.504746017e-03,1.212650383e-03,nan,nan,nan,nan
1239,15.4875,1.515543865e-03,1.221262147e-03,nan,nan,nan,nan
1240,15.5,1.526388439e-03,1.229910606e-03,nan,nan,nan,nan
1241,15.5125,1.537279635e-03,1.238595676e-03,nan,nan,nan,nan
1242,15.525,1.548217342e-03,1.247317268e-03,nan,nan,nan,nan
1243,15.5375,1.559201450e-03,1.256075291e-03,nan,nan,nan,nan
1244,15.55,1.570231843e-03,1.264869650e-03,nan,nan,nan,nan
1245,15.5625,1.581308400e-03,1.273700250e-03,nan,nan,nan,nan
1246,15.575,1.592430998e-03,1.282566989e-03,nan,nan,nan,nan
1247,15.5875,1.603599512e-03,1.291469767e-03,nan,nan,nan,nan
1248,15.6,1.614813809e-03,1.300408476e-03,nan,nan,nan,nan
1249,15.6125,1.626073756e-03,1.309383010e-03,nan,nan,nan,nan
1250,15.625,1.637379215e-03,1.318393256e-03,nan,nan,nan,nan
1251,15.6375,1.648730044e-03,1.327439100e-03,nan,nan,nan,nan
1252,15.65,1.660126097e-03,1.336520427e-03,nan,nan,nan,nan
1253,15.6625,1.671567225e-03,1.345637115e-03,nan,nan,nan,nan
1254,15.675,1.683053276e-03,1.354789041e-03,nan,nan,nan,nan
1255,15.6875,1.694584092e-03,1.363976081e-03,nan,nan,nan,nan
1256,15.7,1.706159513e-03,1.373198104e-03,nan,nan,nan,nan
1257,15.7125,1.717779373e-03,1.382454980e-03,nan,nan,nan,nan
1258,15.725,1.729443506e-03,1.391746573e-03,nan,nan,nan,nan
1259,15.7375,1.741151738e-03,1.401072745e-03,nan,nan,nan,nan
1260,15.75,1.752903894e-03,1.410433357e-03,nan,nan,nan,nan
1261,15.7625,1.764699793e-03,1.419828264e-03,nan,nan,nan,nan
1262,15.775,1.776539253e-03,1.429257319e-03,nan,nan,nan,nan
1263,15.7875,1.788422085e-03,1.438720372e-03,nan,nan,nan,nan
1264,15.8,1.800348097e-03,1.448217272e-03,nan,nan,nan,nan
1265,15.8125,1.812317094e-03,1.457747861e-03,nan,nan,nan,nan
1266,15.825,1.824328878e-03,1.467311981e-03,nan,nan,nan,nan
1267,15.8375,1.836383243e-03,1.476909470e-03,nan,nan,nan,nan
1268,15.85,1.848479984e-03,1.486540162e-03,nan,nan,nan,nan
1269,15.8625,1.860618889e-03,1.496203891e-03,nan,nan,nan,nan
1270,15.875,1.872799742e-03,1.505900484e-03,nan,nan,nan,nan
1271,15.8875,1.885022324e-03,1.515629767e-03,nan,nan,nan,nan
1272,15.9,1.897286412e-03,1.525391563e-03,nan,nan,nan,nan
1273,15.9125,1.909591780e-03,1.535185692e-03,nan,nan,nan,nan
1274,15.925,1.921938195e-03,1.545011969e-03,nan,nan,nan,nan
1275,15.9375,1.934325423e-03,1.554870209e-03,nan,nan,nan,nan
1276,15.95,1.946774207e-03,1.564760220e-03,nan,nan,nan,nan
1277,15.9625,1.959271494e-03,1.574681812e-03,nan,nan,nan,nan
1278,15.975,1.971809242e-03,1.584634787e-03,nan,nan,nan,nan
1279,15.9875,1.984387203e-03,1.594618946e-03,nan,nan,nan,nan
1280,16,1.997005122e-03,1.604647955e-03,nan,nan,nan,nan
1281,16.0125,2.009662743e-03,1.614712068e-03,nan,nan,nan,nan
1282,16.025,2.022359803e-03,1.624806978e-03,nan,nan,nan,nan
1283,16.0375,2.035096038e-03,1.634932474e-03,nan,nan,nan,nan
1284,16.05,2.047871177e-03,1.645088343e-03,nan,nan,nan,nan
1285,16.0625,2.060684947e-03,1.655274368e-03,nan,nan,nan,nan
1286,16.075,2.073537070e-03,1.665490327e-03,nan,nan,nan,nan
1287,16.0875,2.086427263e-03,1.675736000e-03,nan,nan,nan,nan
1288,16.1,2.099355242e-03,1.686011158e-03,nan,nan,nan,nan
1289,16.1125,2.112320716e-03,1.696315573e-03,nan,nan,nan,nan
1290,16.125,2.125323391e-03,1.706649011e-03,nan,nan,nan,nan
1291,16.1375,2.138362969e-03,1.717011237e-03,nan,nan,nan,nan
1292,16.15,2.151439147e-03,1.727402012e-03,nan,nan,nan,nan
1293,16.1625,2.164551618e-03,1.737821094e-03,nan,nan,nan,nan
1294,16.175,2.177700073e-03,1.748268237e-03,nan,nan,nan,nan
1295,16.1875,2.190884197e-03,1.758743193e-03,nan,nan,nan,nan
1296,16.2,2.204103671e-03,1.769245710e-03,nan,nan,nan,nan
1297,16.2125,2.217358173e-03,1.779775534e-03,nan,nan,nan,nan
1298,16.225,2.230647374e-03,1.790332406e-03,nan,nan,nan,nan
1299,16.2375,2.243970946e-03,1.800916065e-03,nan,nan,nan,nan
1300,16.25,2.257328551e-03,1.811526247e-03,nan,nan,nan,nan
1301,16.2625,2.270719853e-03,1.822162685e-03,nan,nan,nan,nan
1302,16.275,2.284144506e-03,1.832825107e-03,nan,nan,nan,nan
1303,16.2875,2.297602164e-03,1.843513241e-03,nan,nan,nan,nan
1304,16.3,2.311092476e-03,1.854226809e-03,nan,nan,nan,nan
1305,16.3125,2.324615086e-03,1.864965532e-03,nan,nan,nan,nan
1306,16.325,2.338169635e-03,1.875729125e-03,nan,nan,nan,nan
1307,16.3375,2.351755758e-03,1.886517304e-03,nan,nan,nan,nan
1308,16.35,2.365373090e-03,1.897329778e-03,nan,nan,nan,nan
1309,16.3625,2.379021257e-03,1.908166255e-03,nan,nan,nan,nan
1310,16.375,2.392699885e-03,1.919026439e-03,nan,nan,nan,nan
1311,16.3875,2.406408594e-03,1.929910032e-03,nan,nan,nan,nan
1312,16.4,2.420146999e-03,1.940816732e-03,nan,nan,nan,nan
1313,16.4125,2.433914714e-03,1.951746234e-03,nan,nan,nan,nan
1314,16.425,2.447711347e-03,1.962698229e-03,nan,nan,nan,nan
1315,16.4375,2.461536501e-03,1.973672407e-03,nan,nan,nan,nan
1316,16.45,2.475389778e-03,1.984668454e-03,nan,nan,nan,nan
1317,16.4625,2.489270773e-03,1.995686052e-03,nan,nan,nan,nan
1318,16.475,2.503179078e-03,2.006724881e-03,nan,nan,nan,nan
1319,16.4875,2.517114283e-03,2.017784617e-03,nan,nan,nan,nan
1320,16.5,2.531075972e-03,2.028864934e-03,nan,nan,nan,nan
1321,16.5125,2.545063725e-03,2.039965504e-03,nan,nan,nan,nan
1322,16.525,2.559103545e-03,2.051085992e-03,nan,nan,nan,nan
1323,16.5375,2.573180816e-03,2.062226065e-03,nan,nan,nan,nan
1324,16.55,2.587283300e-03,2.073385383e-03,nan,nan,nan,nan
1325,16.5625,2.601410562e-03,2.084563604e-03,nan,nan,nan,nan
1326,16.575,2.615562165e-03,2.095760386e-03,nan,nan,nan,nan
1327,16.5875,2.629737668e-03,2.106975379e-03,nan,nan,nan,nan
1328,16.6,2.643936624e-03,2.118208234e-03,nan,nan,nan,nan
1329,16.6125,2.658158584e-03,2.129458597e-03,nan,nan,nan,nan
1330,16.625,2.672403096e-03,2.140726113e-03,nan,nan,nan,nan
1331,16.6375,2.686669703e-03,2.152010421e-03,nan,nan,nan,nan
1332,16.65,2.700957942e-03,2.163311161e-03,nan,nan,nan,nan
1333,16.6625,2.715267351e-03,2.174627967e-03,nan,nan,nan,nan
1334,16.675,2.729597460e-03,2.185960471e-03,nan,nan,nan,nan
1335,16.6875,2.743947798e-03,2.197308302e-03,nan,nan,nan,nan
1336,16.7,2.758317888e-03,2.208671087e-03,nan,nan,nan,nan
1337,16.7125,2.772707251e-03,2.220048450e-03,nan,nan,nan,nan
1338,16.725,2.787115404e-03,2.231440011e-03,nan,nan,nan,nan
1339,16.7375,2.801541861e-03,2.242845389e-03,nan,nan,nan,nan
1340,16.75,2.815986129e-03,2.254264198e-03,nan,nan,nan,nan
1341,16.7625,2.830447716e-03,2.265717954e-03,nan,nan,nan,nan
1342,16.775,2.844926123e-03,2.277188283e-03,nan,nan,nan,nan
1343,16.7875,2.859420850e-03,2.288671135e-03,nan,nan,nan,nan
1344,16.8,2.873931390e-03,2.300166113e-03,nan,nan,nan,nan
1345,16.8125,2.888457236e-03,2.311672821e-03,nan,nan,nan,nan
1346,16.825,2.902997876e-03,2.323190857e-03,nan,nan,nan,nan
1347,16.8375,2.917552794e-03,2.334719818e-03,nan,nan,nan,nan
1348,16.85,2.932121471e-03,2.346259298e-03,nan,nan,nan,nan
1349,16.8625,2.946703385e-03,2.357808888e-03,nan,nan,nan,nan
1350,16.875,2.961298009e-03,2.369368176e-03,nan,nan,nan,nan
1351,16.8875,2.975904815e-03,2.380936750e-03,nan,nan,nan,nan
1352,16.9,2.990523270e-03,2.392514192e-03,nan,nan,nan,nan
1353,16.9125,3.005152839e-03,2.404100083e-03,nan,nan,nan,nan
1354,16.925,3.019792981e-03,2.415694001e-03,nan,nan,nan,nan
1355,16.9375,3.034443154e-03,2.427295523e-03,nan,nan,nan,nan
1356,16.95,3.049102813e-03,2.438904222e-03,nan,nan,nan,nan
1357,16.9625,3.063771408e-03,2.450519668e-03,nan,nan,nan,nan
1358,16.975,3.078448387e-03,2.462141430e-03,nan,nan,nan,nan
1359,16.9875,3.093133194e-03,2.473769074e-03,nan,nan,nan,nan
1360,17,3.107825272e-03,2.485402164e-03,nan,nan,nan,nan
1361,17.0125,3.122524058e-03,2.497040260e-03,nan,nan,nan,nan
1362,17.025,3.137228988e-03,2.508682921e-03,nan,nan,nan,nan
1363,17.0375,3.151939494e-03,2.520329705e-03,nan,nan,nan,nan
1364,17.05,3.166655004e-03,2.531980165e-03,nan,nan,nan,nan
1365,17.0625,3.181374945e-03,2.543633852e-03,nan,nan,nan,nan
1366,17.075,3.196098741e-03,2.555290318e-03,nan,nan,nan,nan
1367,17.0875,3.210830801e-03,2.566949108e-03,nan,nan,nan,nan
1368,17.1,3.225609305e-03,2.578609768e-03,nan,nan,nan,nan
1369,17.1125,3.240390370e-03,2.590271842e-03,nan,nan,nan,nan
1370,17.125,3.255173408e-03,2.601934869e-03,nan,nan,nan,nan
1371,17.1375,3.269957829e-03,2.613598389e-03,nan,nan,nan,nan
1372,17.15,3.284743038e-03,2.625261939e-03,nan,nan,nan,nan
1373,17.1625,3.299528439e-03,2.636925051e-03,nan,nan,nan,nan
1374,17.175,3.314313433e-03,2.648587261e-03,nan,nan,nan,nan
1375,17.1875,3.329097418e-03,2.660248096e-03,nan,nan,nan,nan
1376,17.2,3.343879790e-03,2.671907087e-03,nan,nan,nan,nan
1377,17.2125,3.358659942e-03,2.683563759e-03,nan,nan,nan,nan
1378,17.225,3.373437263e-03,2.695217637e-03,nan,nan,nan,nan
1379,17.2375,3.388211143e-03,2.706868244e-03,nan,nan,nan,nan
1380,17.25,3.402980965e-03,2.718515100e-03,nan,nan,nan,nan
1381,17.2625,3.417746114e-03,2.730157725e-03,nan,nan,nan,nan
1382,17.275,3.432505969e-03,2.741795635e-03,nan,nan,nan,nan
1383,17.2875,3.447259908e-03,2.753428346e-03,nan,nan,nan,nan
1384,17.3,3.462007308e-03,2.765055372e-03,nan,nan,nan,nan
1385,17.3125,3.476747542e-03,2.776676223e-03,nan,nan,nan,nan
1386,17.325,3.491479981e-03,2.788290411e-03,nan,nan,nan,nan
1387,17.3375,3.506203993e-03,2.799897444e-03,nan,nan,nan,nan
1388,17.35,3.520918947e-03,2.811496828e-03,nan,nan,nan,nan
1389,17.3625,3.535624207e-03,2.823088069e-03,nan,nan,nan,nan
1390,17.375,3.550319134e-03,2.834670671e-03,nan,nan,nan,nan
1391,17.3875,3.565003091e-03,2.846244137e-03,nan,nan,nan,nan
1392,17.4,3.579675435e-03,2.857807965e-03,nan,nan,nan,nan
1393,17.4125,3.594335523e-03,2.869361657e-03,nan,nan,nan,nan
1394,17.425,3.608982710e-03,2.880904709e-03,nan,nan,nan,nan
1395,17.4375,3.623616350e-03,2.892436618e-03,nan,nan,nan,nan
1396,17.45,3.638235792e-03,2.903956880e-03,nan,nan,nan,nan
1397,17.4625,3.652840386e-03,2.915464987e-03,nan,nan,nan,nan
1398,17.475,3.667429480e-03,2.926960433e-03,nan,nan,nan,nan
1399,17.4875,3.682002419e-03,2.938442709e-03,nan,nan,nan,nan
1400,17.5,3.696558549e-03,2.949911304e-03,nan,nan,nan,nan
1401,17.5125,3.711097211e-03,2.961376210e-03,nan,nan,nan,nan
1402,17.525,3.725617747e-03,2.972849695e-03,nan,nan,nan,nan
1403,17.5375,3.740119496e-03,2.984308226e-03,nan,nan,nan,nan
1404,17.55,3.754601797e-03,2.995751286e-03,nan,nan,nan,nan
1405,17.5625,3.769063986e-03,3.007178361e-03,nan,nan,nan,nan
1406,17.575,3.783505399e-03,3.018588932e-03,nan,nan,nan,nan
1407,17.5875,3.797925370e-03,3.029982482e-03,nan,nan,nan,nan
1408,17.6,3.812323232e-03,3.041358492e-03,nan,nan,nan,nan
1409,17.6125,3.826698316e-03,3.052716442e-03,nan,nan,nan,nan
1410,17.625,3.841049954e-03,3.064055811e-03,nan,nan,nan,nan
1411,17.6375,3.855377474e-03,3.075376078e-03,nan,nan,nan,nan
1412,17.65,3.869680205e-03,3.086676719e-03,nan,nan,nan,nan
1413,17.6625,3.884010264e-03,3.097957213e-03,nan,nan,nan,nan
1414,17.675,3.898320923e-03,3.109217035e-03,nan,nan,nan,nan
1415,17.6875,3.912605214e-03,3.120455660e-03,nan,nan,nan,nan
1416,17.7,3.926862462e-03,3.131672564e-03,nan,nan,nan,nan
1417,17.7125,3.941091988e-03,3.142867220e-03,nan,nan,nan,nan
1418,17.725,3.955293116e-03,3.154039103e-03,nan,nan,nan,nan
1419,17.7375,3.969465165e-03,3.165187685e-03,nan,nan,nan,nan
1420,17.75,3.983607458e-03,3.176312439e-03,nan,nan,nan,nan
1421,17.7625,3.997719313e-03,3.187412837e-03,nan,nan,nan,nan
1422,17.775,4.011800049e-03,3.198488352e-03,nan,nan,nan,nan
1423,17.7875,4.025848987e-03,3.209538455e-03,nan,nan,nan,nan
1424,17.8,4.039865443e-03,3.220562616e-03,nan,nan,nan,nan
1425,17.8125,4.053848736e-03,3.231560308e-03,nan,nan,nan,nan
1426,17.825,4.067798183e-03,3.242531000e-03,nan,nan,nan,nan
1427,17.8375,4.081713102e-03,3.253474163e-03,nan,nan,nan,nan
1428,17.85,4.095592810e-03,3.264389267e-03,nan,nan,nan,nan
1429,17.8625,4.109436623e-03,3.275275783e-03,nan,nan,nan,nan
1430,17.875,4.123243858e-03,3.286133181e-03,nan,nan,nan,nan
1431,17.8875,4.137013832e-03,3.296960931e-03,nan,nan,nan,nan
1432,17.9,4.150745860e-03,3.307758504e-03,nan,nan,nan,nan
1433,17.9125,4.164439261e-03,3.318525368e-03,nan,nan,nan,nan
1434,17.925,4.178093349e-03,3.329260996e-03,nan,nan,nan,nan
1435,17.9375,4.191707443e-03,3.339964857e-03,nan,nan,nan,nan
1436,17.95,4.205280859e-03,3.350636422e-03,nan,nan,nan,nan
1437,17.9625,4.218812914e-03,3.361275162e-03,nan,nan,nan,nan
1438,17.975,4.232302926e-03,3.371880548e-03,nan,nan,nan,nan
1439,17.9875,4.245750212e-03,3.382452052e-03,nan,nan,nan,nan
1440,18,4.259154091e-03,3.392989145e-03,nan,nan,nan,nan
1441,18.0125,4.272513882e-03,3.403491301e-03,nan,nan,nan,nan
1442,18.025,4.285828904e-03,3.413957991e-03,nan,nan,nan,nan
1443,18.0375,4.299098477e-03,3.424388689e-03,nan,nan,nan,nan
1444,18.05,4.312321921e-03,3.434782869e-03,nan,nan,nan,nan
1445,18.0625,4.325498558e-03,3.445140005e-03,nan,nan,nan,nan
1446,18.075,4.338627709e-03,3.455459572e-03,nan,nan,nan,nan
1447,18.0875,4.351708698e-03,3.465741046e-03,nan,nan,nan,nan
1448,18.1,4.364740848e-03,3.475983902e-03,nan,nan,nan,nan
1449,18.1125,4.377723483e-03,3.486187620e-03,nan,nan,nan,nan
1450,18.125,4.390655930e-03,3.496351675e-03,nan,nan,nan,nan
1451,18.1375,4.403537515e-03,3.506475547e-03,nan,nan,nan,nan
1452,18.15,4.416367565e-03,3.516558716e-03,nan,nan,nan,nan
1453,18.1625,4.429145410e-03,3.526600662e-03,nan,nan,nan,nan
1454,18.175,4.441870379e-03,3.536600867e-03,nan,nan,nan,nan
1455,18.1875,4.454541805e-03,3.546558813e-03,nan,nan,nan,nan
1456,18.2,4.467159020e-03,3.556473984e-03,nan,nan,nan,nan
1457,18.2125,4.479721357e-03,3.566345865e-03,nan,nan,nan,nan
1458,18.225,4.492296154e-03,3.576173942e-03,nan,nan,nan,nan
1459,18.2375,4.504815906e-03,3.585957702e-03,nan,nan,nan,nan
1460,18.25,4.517279181e-03,3.595696633e-03,nan,nan,nan,nan
1461,18.2625,4.529685315e-03,3.605392400e-03,nan,nan,nan,nan
1462,18.275,4.542033649e-03,3.615081348e-03,nan,nan,nan,nan
1463,18.2875,4.554323523e-03,3.624724162e-03,nan,nan,nan,nan
1464,18.3,4.566554280e-03,3.634320334e-03,nan,nan,nan,nan
1465,18.3125,4.578725265e-03,3.643869358e-03,nan,nan,nan,nan
1466,18.325,4.590835824e-03,3.653370728e-03,nan,nan,nan,nan
1467,18.3375,4.602885307e-03,3.662823941e-03,nan,nan,nan,nan
1468,18.35,4.614873062e-03,3.672228497e-03,nan,nan,nan,nan
1469,18.3625,4.626798444e-03,3.681583893e-03,nan,nan,nan,nan
1470,18.375,4.638660806e-03,3.690889633e-03,nan,nan,nan,nan
1471,18.3875,4.650459505e-03,3.700145218e-03,nan,nan,nan,nan
1472,18.4,4.662193900e-03,3.709350155e-03,nan,nan,nan,nan
1473,18.4125,4.673863353e-03,3.718503949e-03,nan,nan,nan,nan
1474,18.425,4.685467227e-03,3.727606110e-03,nan,nan,nan,nan
1475,18.4375,4.697004888e-03,3.736656148e-03,nan,nan,nan,nan
1476,18.45,4.708475705e-03,3.745653574e-03,nan,nan,nan,nan
1477,18.4625,4.719879048e-03,3.754597905e-03,nan,nan,nan,nan
1478,18.475,4.731214292e-03,3.763488655e-03,nan,nan,nan,nan
1479,18.4875,4.742480812e-03,3.772325344e-03,nan,nan,nan,nan
1480,18.5,4.753677988e-03,3.781107492e-03,nan,nan,nan,nan
1481,18.5125,4.764805200e-03,3.789834621e-03,nan,nan,nan,nan
1482,18.525,4.775861834e-03,3.798506256e-03,nan,nan,nan,nan
1483,18.5375,4.786847276e-03,3.807121925e-03,nan,nan,nan,nan
1484,18.55,4.797760918e-03,3.815681157e-03,nan,nan,nan,nan
1485,18.5625,4.808602151e-03,3.824183483e-03,nan,nan,nan,nan
1486,18.575,4.819370372e-03,3.832628438e-03,nan,nan,nan,nan
1487,18.5875,4.830064981e-03,3.841015557e-03,nan,nan,nan,nan
1488,18.6,4.840685380e-03,3.849344380e-03,nan,nan,nan,nan
1489,18.6125,4.851230974e-03,3.857614449e-03,nan,nan,nan,nan
1490,18.625,4.861701173e-03,3.865825306e-03,nan,nan,nan,nan
1491,18.6375,4.872095388e-03,3.873976498e-03,nan,nan,nan,nan
1492,18.65,4.882413034e-03,3.882067575e-03,nan,nan,nan,nan
1493,18.6625,4.892653532e-03,3.890098087e-03,nan,nan,nan,nan
1494,18.675,4.902816302e-03,3.898067590e-03,nan,nan,nan,nan
1495,18.6875,4.912900772e-03,3.905975640e-03,nan,nan,nan,nan
1496,18.7,4.922906370e-03,3.913821798e-03,nan,nan,nan,nan
1497,18.7125,4.932832530e-03,3.921605625e-03,nan,nan,nan,nan
1498,18.725,4.942678688e-03,3.929326688e-03,nan,nan,nan,nan
1499,18.7375,4.952444285e-03,3.936984555e-03,nan,nan,nan,nan
1500,18.75,4.962128765e-03,3.944578798e-03,nan,nan,nan,nan
1501,18.7625,4.971731577e-03,3.952108990e-03,nan,nan,nan,nan
1502,18.775,4.981276591e-03,3.959574708e-03,nan,nan,nan,nan
1503,18.7875,4.990791217e-03,3.966975535e-03,nan,nan,nan,nan
1504,18.8,5.000222837e-03,3.974311052e-03,nan,nan,nan,nan
1505,18.8125,5.009570911e-03,3.981580847e-03,nan,nan,nan,nan
1506,18.825,5.018834904e-03,3.988784508e-03,nan,nan,nan,nan
1507,18.8375,5.028014284e-03,3.995921631e-03,nan,nan,nan,nan
1508,18.85,5.037108523e-03,4.002991810e-03,nan,nan,nan,nan
1509,18.8625,5.046117098e-03,4.009994645e-03,nan,nan,nan,nan
1510,18.875,5.055039490e-03,4.016929739e-03,nan,nan,nan,nan
1511,18.8875,5.063875185e-03,4.023796698e-03,nan,nan,nan,nan
1512,18.9,5.072623672e-03,4.030595132e-03,nan,nan,nan,nan
1513,18.9125,5.081284445e-03,4.037324653e-03,nan,nan,nan,nan
1514,18.925,5.089857003e-03,4.043984880e-03,nan,nan,nan,nan
1515,18.9375,5.098340849e-03,4.050575430e-03,nan,nan,nan,nan
1516,18.95,5.106735490e-03,4.057095929e-03,nan,nan,nan,nan
1517,18.9625,5.115040439e-03,4.063546003e-03,nan,nan,nan,nan
1518,18.975,5.123255213e-03,4.069925283e-03,nan,nan,nan,nan
1519,18.9875,5.131379334e-03,4.076233403e-03,nan,nan,nan,nan
1520,19,5.139412327e-03,4.082470002e-03,nan,nan,nan,nan
1521,19.0125,5.147353724e-03,4.088634721e-03,nan,nan,nan,nan
1522,19.025,5.155203061e-03,4.094773601e-03,nan,nan,nan,nan
1523,19.0375,5.162959879e-03,4.100840426e-03,nan,nan,nan,nan
1524,19.05,5.170623724e-03,4.106834456e-03,nan,nan,nan,nan
1525,19.0625,5.178194146e-03,4.112755347e-03,nan,nan,nan,nan
1526,19.075,5.185670702e-03,4.118602756e-03,nan,nan,nan,nan
1527,19.0875,5.193052951e-03,4.124376345e-03,nan,nan,nan,nan
1528,19.1,5.200340461e-03,4.130075782e-03,nan,nan,nan,nan
1529,19.1125,5.207532802e-03,4.135700736e-03,nan,nan,nan,nan
1530,19.125,5.214629551e-03,4.141250882e-03,nan,nan,nan,nan
1531,19.1375,5.221630289e-03,4.146725898e-03,nan,nan,nan,nan
1532,19.15,5.228534603e-03,4.152125465e-03,nan,nan,nan,nan
1533,19.1625,5.235342085e-03,4.157449272e-03,nan,nan,nan,nan
1534,19.175,5.242052333e-03,4.162697007e-03,nan,nan,nan,nan
1535,19.1875,5.248664950e-03,4.167868366e-03,nan,nan,nan,nan
1536,19.2,5.255179544e-03,4.172963048e-03,nan,nan,nan,nan
1537,19.2125,5.261595728e-03,4.177980756e-03,nan,nan,nan,nan
1538,19.225,5.267913123e-03,4.182921197e-03,nan,nan,nan,nan
1539,19.2375,5.274131353e-03,4.187784082e-03,nan,nan,nan,nan
1540,19.25,5.280250048e-03,4.192569129e-03,nan,nan,nan,nan
1541,19.2625,5.286268844e-03,4.197276056e-03,nan,nan,nan,nan
1542,19.275,5.292187384e-03,4.201904589e-03,nan,nan,nan,nan
1543,19.2875,5.298005314e-03,4.206454456e-03,nan,nan,nan,nan
1544,19.3,5.303722289e-03,4.210925391e-03,nan,nan,nan,nan
1545,19.3125,5.309337966e-03,4.215317132e-03,nan,nan,nan,nan
1546,19.325,5.314852010e-03,4.219629421e-03,nan,nan,nan,nan
1547,19.3375,5.320330814e-03,4.223862005e-03,nan,nan,nan,nan
1548,19.35,5.325722812e-03,4.228014635e-03,nan,nan,nan,nan
1549,19.3625,5.331012372e-03,4.232087067e-03,nan,nan,nan,nan
1550,19.375,5.336199176e-03,4.236079061e-03,nan,nan,nan,nan
1551,19.3875,5.341282915e-03,4.239990382e-03,nan,nan,nan,nan
1552,19.4,5.346263283e-03,4.243820799e-03,nan,nan,nan,nan
1553,19.4125,5.351139982e-03,4.247570088e-03,nan,nan,nan,nan
1554,19.425,5.355912719e-03,4.251238027e-03,nan,nan,nan,nan
1555,19.4375,5.360581209e-03,4.254824398e-03,nan,nan,nan,nan
1556,19.45,5.365145169e-03,4.258328991e-03,nan,nan,nan,nan
1557,19.4625,5.369604327e-03,4.261751599e-03,nan,nan,nan,nan
1558,19.475,5.373958414e-03,4.265092018e-03,nan,nan,nan,nan
1559,19.4875,5.378207168e-03,4.268350052e-03,nan,nan,nan,nan
1560,19.5,5.382350333e-03,4.271525508e-03,nan,nan,nan,nan
1561,19.5125,5.386387660e-03,4.274618196e-03,nan,nan,nan,nan
1562,19.525,5.390318905e-03,4.277627935e-03,nan,nan,nan,nan
1563,19.5375,5.394143831e-03,4.280554546e-03,nan,nan,nan,nan
1564,19.55,5.397862207e-03,4.283397856e-03,nan,nan,nan,nan
1565,19.5625,5.401473810e-03,4.286157694e-03,nan,nan,nan,nan
1566,19.575,5.404978420e-03,4.288833899e-03,nan,nan,nan,nan
1567,19.5875,5.408375827e-03,4.291426311e-03,nan,nan,nan,nan
1568,19.6,5.411665824e-03,4.293934775e-03,nan,nan,nan,nan
1569,19.6125,5.414848213e-03,4.296359143e-03,nan,nan,nan,nan
1570,19.625,5.417922802e-03,4.298699271e-03,nan,nan,nan,nan
1571,19.6375,5.420889404e-03,4.300955019e-03,nan,nan,nan,nan
1572,19.65,5.423747840e-03,4.303126254e-03,nan,nan,nan,nan
1573,19.6625,5.426497936e-03,4.305212845e-03,nan,nan,nan,nan
1574,19.675,5.429139527e-03,4.307214670e-03,nan,nan,nan,nan
1575,19.6875,5.431672451e-03,4.309131608e-03,nan,nan,nan,nan
1576,19.7,5.434096555e-03,4.310963545e-03,nan,nan,nan,nan
1577,19.7125,5.436411693e-03,4.312710373e-03,nan,nan,nan,nan
1578,19.725,5.438617724e-03,4.314371987e-03,nan,nan,nan,nan
1579,19.7375,5.440714514e-03,4.315948287e-03,nan,nan,nan,nan
1580,19.75,5.442701935e-03,4.317439181e-03,nan,nan,nan,nan
1581,19.7625,5.444579867e-03,4.318846690e-03,nan,nan,nan,nan
1582,19.775,5.446348197e-03,4.320215927e-03,nan,nan,nan,nan
1583,19.7875,5.448006815e-03,4.321499534e-03,nan,nan,nan,nan
1584,19.8,5.449555623e-03,4.322697435e-03,nan,nan,nan,nan
1585,19.8125,5.450994525e-03,4.323809559e-03,nan,nan,nan,nan
1586,19.825,5.452323434e-03,4.324835839e-03,nan,nan,nan,nan
1587,19.8375,5.453542270e-03,4.325776213e-03,nan,nan,nan,nan
1588,19.85,5.454650958e-03,4.326630627e-03,nan,nan,nan,nan
1589,19.8625,5.455649430e-03,4.327399027e-03,nan,nan,nan,nan
1590,19.875,5.456537627e-03,4.328081370e-03,nan,nan,nan,nan
1591,19.8875,5.457349415e-03,4.328677613e-03,nan,nan,nan,nan
1592,19.9,5.458101194e-03,4.329187722e-03,nan,nan,nan,nan
1593,19.9125,5.458742574e-03,4.329611665e-03,nan,nan,nan,nan
1594,19.925,5.459273516e-03,4.329949418e-03,nan,nan,nan,nan
1595,19.9375,5.459693987e-03,4.330200960e-03,nan,nan,nan,nan
1596,19.95,5.460003962e-03,4.330366276e-03,nan,nan,nan,nan
1597,19.9625,5.460203421e-03,4.330445357e-03,nan,nan,nan,nan
1598,19.975,5.460292353e-03,4.330438197e-03,nan,nan,nan,nan
1599,19.9875,5.460270752e-03,4.330344797e-03,nan,nan,nan,nan
1600,20,5.460138620e-03,4.330248069e-03,nan,nan,nan,nan
1601,20.0125,5.460180521e-03,4.330288624e-03,nan,nan,nan,nan
1602,20.025,5.460337169e-03,4.330343192e-03,nan,nan,nan,nan
1603,20.0375,5.460383285e-03,4.330361041e-03,nan,nan,nan,nan
1604,20.05,5.460350151e-03,4.330471245e-03,nan,nan,nan,nan
1605,20.0625,5.460472284e-03,4.330495209e-03,nan,nan,nan,nan
1606,20.075,5.460483882e-03,4.330434896e-03,nan,nan,nan,nan
1607,20.0875,5.460384943e-03,4.330514497e-03,nan,nan,nan,nan
1608,20.1,5.460434627e-03,4.330507857e-03,nan,nan,nan,nan
1609,20.1125,5.460411705e-03,4.330414975e-03,nan,nan,nan,nan
1610,20.125,5.460278248e-03,4.330418310e-03,nan,nan,nan,nan
1611,20.1375,5.460224306e-03,4.330381069e-03,nan,nan,nan,nan
1612,20.15,5.460166867e-03,4.330257590e-03,nan,nan,nan,nan
1613,20.1625,5.460168694e-03,4.330251782e-03,nan,nan,nan,nan
1614,20.175,5.460260174e-03,4.330362518e-03,nan,nan,nan,nan
1615,20.1875,5.460380969e-03,4.330387017e-03,nan,nan,nan,nan
1616,20.2,5.460391229e-03,4.330425834e-03,nan,nan,nan,nan
1617,20.2125,5.460379566e-03,4.330505971e-03,nan,nan,nan,nan
1618,20.225,5.460465839e-03,4.330499867e-03,nan,nan,nan,nan
1619,20.2375,5.460441577e-03,4.330459951e-03,nan,nan,nan,nan
1620,20.25,5.460326958e-03,4.330509485e-03,nan,nan,nan,nan
1621,20.2625,5.460378709e-03,4.330472779e-03,nan,nan,nan,nan
1622,20.275,5.460319928e-03,4.330353982e-03,nan,nan,nan,nan
1623,20.2875,5.460150619e-03,4.330372912e-03,nan,nan,nan,nan
1624,20.3,5.460119763e-03,4.330305607e-03,nan,nan,nan,nan
1625,20.3125,5.460185311e-03,4.330196211e-03,nan,nan,nan,nan
1626,20.325,5.460194239e-03,4.330332064e-03,nan,nan,nan,nan
1627,20.3375,5.460310387e-03,4.330412729e-03,nan,nan,nan,nan
1628,20.35,5.460395333e-03,4.330407154e-03,nan,nan,nan,nan
1629,20.3625,5.460369745e-03,4.330463800e-03,nan,nan,nan,nan
1630,20.375,5.460383467e-03,4.330513857e-03,nan,nan,nan,nan
1631,20.3875,5.460433898e-03,4.330477674e-03,nan,nan,nan,nan
1632,20.4,5.460373796e-03,4.330455060e-03,nan,nan,nan,nan
1633,20.4125,5.460285125e-03,4.330474507e-03,nan,nan,nan,nan
1634,20.425,5.460301045e-03,4.330407717e-03,nan,nan,nan,nan
1635,20.4375,5.460206439e-03,4.330305828e-03,nan,nan,nan,nan
1636,20.45,5.460015355e-03,4.330294667e-03,nan,nan,nan,nan
1637,20.4625,5.460146921e-03,4.330228067e-03,nan,nan,nan,nan
1638,20.475,5.460230567e-03,4.330238721e-03,nan,nan,nan,nan
1639,20.4875,5.460203680e-03,4.330375512e-03,nan,nan,nan,nan
1640,20.5,5.460346209e-03,4.330426068e-03,nan,nan,nan,nan
1641,20.5125,5.460395347e-03,4.330390385e-03,nan,nan,nan,nan
1642,20.525,5.460333952e-03,4.330463833e-03,nan,nan,nan,nan
1643,20.5375,5.460373743e-03,4.330483776e-03,nan,nan,nan,nan
1644,20.55,5.460388373e-03,4.330417481e-03,nan,nan,nan,nan
1645,20.5625,5.460292476e-03,4.330411998e-03,nan,nan,nan,nan
1646,20.575,5.460229333e-03,4.330401328e-03,nan,nan,nan,nan
1647,20.5875,5.460209462e-03,4.330304426e-03,nan,nan,nan,nan
1648,20.6,5.460079072e-03,4.330220168e-03,nan,nan,nan,nan
1649,20.6125,5.460051985e-03,4.330197752e-03,nan,nan,nan,nan
1650,20.625,5.460210362e-03,4.330248797e-03,nan,nan,nan,nan
1651,20.6375,5.460258215e-03,4.330278401e-03,nan,nan,nan,nan
1652,20.65,5.460237248e-03,4.330385068e-03,nan,nan,nan,nan
1653,20.6625,5.460361116e-03,4.330405501e-03,nan,nan,nan,nan
1654,20.675,5.460374460e-03,4.330356829e-03,nan,nan,nan,nan
1655,20.6875,5.460277276e-03,4.330432883e-03,nan,nan,nan,nan
1656,20.7,5.460339117e-03,4.330422706e-03,nan,nan,nan,nan
1657,20.7125,5.460317954e-03,4.330326296e-03,nan,nan,nan,nan
1658,20.725,5.460186270e-03,4.330341340e-03,nan,nan,nan,nan
1659,20.7375,5.460144209e-03,4.330300558e-03,nan,nan,nan,nan
1660,20.75,5.460088546e-03,4.330173551e-03,nan,nan,nan,nan
1661,20.7625,5.460011181e-03,4.330120744e-03,nan,nan,nan,nan
1662,20.775,5.460113360e-03,4.330227911e-03,nan,nan,nan,nan
1663,20.7875,5.460235923e-03,4.330248847e-03,nan,nan,nan,nan
1664,20.8,5.460247964e-03,4.330300803e-03,nan,nan,nan,nan
1665,20.8125,5.460246090e-03,4.330377363e-03,nan,nan,nan,nan
1666,20.825,5.460334137e-03,4.330367692e-03,nan,nan,nan,nan
1667,20.8375,5.460311665e-03,4.330341696e-03,nan,nan,nan,nan
1668,20.85,5.460205787e-03,4.330387648e-03,nan,nan,nan,nan
1669,20.8625,5.460259319e-03,4.330347374e-03,nan,nan,nan,nan
1670,20.875,5.460202341e-03,4.330243357e-03,nan,nan,nan,nan
1671,20.8875,5.460034850e-03,4.330258706e-03,nan,nan,nan,nan
1672,20.9,5.460011588e-03,4.330187837e-03,nan,nan,nan,nan
1673,20.9125,5.459993600e-03,4.330030751e-03,nan,nan,nan,nan
1674,20.925,5.460004324e-03,4.330170954e-03,nan,nan,nan,nan
1675,20.9375,5.460126055e-03,4.330248028e-03,nan,nan,nan,nan
1676,20.95,5.460212781e-03,4.330238874e-03,nan,nan,nan,nan
1677,20.9625,5.460188989e-03,4.330312764e-03,nan,nan,nan,nan
1678,20.975,5.460207390e-03,4.330359231e-03,nan,nan,nan,nan
1679,20.9875,5.460259600e-03,4.330319472e-03,nan,nan,nan,nan
1680,21,5.460201298e-03,4.330314755e-03,nan,nan,nan,nan
1681,21.0125,5.460116594e-03,4.330330618e-03,nan,nan,nan,nan
1682,21.025,5.460134295e-03,4.330260261e-03,nan,nan,nan,nan
1683,21.0375,5.460041494e-03,4.330176742e-03,nan,nan,nan,nan
1684,21.05,5.459853908e-03,4.330162007e-03,nan,nan,nan,nan
1685,21.0625,5.459899027e-03,4.330061061e-03,nan,nan,nan,nan
1686,21.075,5.459984431e-03,4.330067671e-03,nan,nan,nan,nan
1687,21.0875,5.459959322e-03,4.330200868e-03,nan,nan,nan,nan
1688,21.1,5.460105281e-03,4.330247845e-03,nan,nan,nan,nan
1689,21.1125,5.460156172e-03,4.330208598e-03,nan,nan,nan,nan
1690,21.125,5.460096553e-03,4.330300553e-03,nan,nan,nan,nan
1691,21.1375,5.460140151e-03,4.330316924e-03,nan,nan,nan,nan
1692,21.15,5.460156533e-03,4.330247074e-03,nan,nan,nan,nan
1693,21.1625,5.460062412e-03,4.330259693e-03,nan,nan,nan,nan
1694,21.175,5.460003723e-03,4.330245461e-03,nan,nan,nan,nan
1695,21.1875,5.459985604e-03,4.330145018e-03,nan,nan,nan,nan
1696,21.2,5.459856995e-03,4.330078248e-03,nan,nan,nan,nan
1697,21.2125,5.459617899e-03,4.330033424e-03,nan,nan,nan,nan
1698,21.225,5.459268325e-03,4.329902399e-03,nan,nan,nan,nan
1699,21.2375,5.458808289e-03,4.329685179e-03,nan,nan,nan,nan
1700,21.25,5.458237814e-03,4.329381773e-03,nan,nan,nan,nan
1701,21.2625,5.457556930e-03,4.328992196e-03,nan,nan,nan,nan
1702,21.275,5.456765672e-03,4.328516468e-03,nan,nan,nan,nan
1703,21.2875,5.455864084e-03,4.327954614e-03,nan,nan,nan,nan
1704,21.3,5.454852216e-03,4.327306663e-03,nan,nan,nan,nan
1705,21.3125,5.453730123e-03,4.326572653e-03,nan,nan,nan,nan
1706,21.325,5.452497870e-03,4.325752622e-03,nan,nan,nan,nan
1707,21.3375,5.451155524e-03,4.324846617e-03,nan,nan,nan,nan
1708,21.35,5.449703164e-03,4.323854688e-03,nan,nan,nan,nan
1709,21.3625,5.448140872e-03,4.322776892e-03,nan,nan,nan,nan
1710,21.375,5.446468738e-03,4.321613289e-03,nan,nan,nan,nan
1711,21.3875,5.444686858e-03,4.320363945e-03,nan,nan,nan,nan
1712,21.4,5.442795335e-03,4.319028933e-03,nan,nan,nan,nan
1713,21.4125,5.440794279e-03,4.317608327e-03,nan,nan,nan,nan
1714,21.425,5.438683807e-03,4.316102209e-03,nan,nan,nan,nan
1715,21.4375,5.436464041e-03,4.314510667e-03,nan,nan,nan,nan
1716,21.45,5.434135110e-03,4.312833791e-03,nan,nan,nan,nan
1717,21.4625,5.431697152e-03,4.311071678e-03,nan,nan,nan,nan
1718,21.475,5.429150309e-03,4.309224430e-03,nan,nan,nan,nan
1719,21.4875,5.426494729e-03,4.307292154e-03,nan,nan,nan,nan
1720,21.5,5.423730570e-03,4.305274961e-03,nan,nan,nan,nan
1721,21.5125,5.420857992e-03,4.303172969e-03,nan,nan,nan,nan
1722,21.525,5.417877166e-03,4.300986299e-03,nan,nan,nan,nan
1723,21.5375,5.414788267e-03,4.298715078e-03,nan,nan,nan,nan
1724,21.55,5.411591475e-03,4.296359438e-03,nan,nan,nan,nan
1725,21.5625,5.408286981e-03,4.293919515e-03,nan,nan,nan,nan
1726,21.575,5.404874978e-03,4.291395453e-03,nan,nan,nan,nan
1727,21.5875,5.401355668e-03,4.288787396e-03,nan,nan,nan,nan
1728,21.6,5.397729259e-03,4.286095498e-03,nan,nan,nan,nan
1729,21.6125,5.394033906e-03,4.283319914e-03,nan,nan,nan,nan
1730,21.625,5.390278600e-03,4.280460806e-03,nan,nan,nan,nan
1731,21.6375,5.386416773e-03,4.277518341e-03,nan,nan,nan,nan
1732,21.65,5.382448652e-03,4.274492690e-03,nan,nan,nan,nan
1733,21.6625,5.378374472e-03,4.271384029e-03,nan,nan,nan,nan
1734,21.675,5.374194472e-03,4.268192539e-03,nan,nan,nan,nan
1735,21.6875,5.369908901e-03,4.264918406e-03,nan,nan,nan,nan
1736,21.7,5.365518011e-03,4.261561821e-03,nan,nan,nan,nan
1737,21.7125,5.361022061e-03,4.258122978e-03,nan,nan,nan,nan
1738,21.725,5.356421317e-03,4.254602079e-03,nan,nan,nan,nan
1739,21.7375,5.351716051e-03,4.250999328e-03,nan,nan,nan,nan
1740,21.75,5.346906540e-03,4.247314935e-03,nan,nan,nan,nan
1741,21.7625,5.341993068e-03,4.243549114e-03,nan,nan,nan,nan
1742,21.775,5.336975926e-03,4.239702085e-03,nan,nan,nan,nan
1743,21.7875,5.331855409e-03,4.235774070e-03,nan,nan,nan,nan
1744,21.8,5.326631819e-03,4.231765299e-03,nan,nan,nan,nan
1745,21.8125,5.321305464e-03,4.227676005e-03,nan,nan,nan,nan
1746,21.825,5.315876659e-03,4.223506425e-03,nan,nan,nan,nan
1747,21.8375,5.310345724e-03,4.219256801e-03,nan,nan,nan,nan
1748,21.85,5.304712983e-03,4.214927452e-03,nan,nan,nan,nan
1749,21.8625,5.298978770e-03,4.210568328e-03,nan,nan,nan,nan
1750,21.875,5.293143421e-03,4.206129840e-03,nan,nan,nan,nan
1751,21.8875,5.287207280e-03,4.201612245e-03,nan,nan,nan,nan
1752,21.9,5.281170695e-03,4.197015805e-03,nan,nan,nan,nan
1753,21.9125,5.275034023e-03,4.192340788e-03,nan,nan,nan,nan
1754,21.925,5.268797624e-03,4.187587463e-03,nan,nan,nan,nan
1755,21.9375,5.262461863e-03,4.182756105e-03,nan,nan,nan,nan
1756,21.95,5.256027112e-03,4.177846994e-03,nan,nan,nan,nan
1757,21.9625,5.249493750e-03,4.172860415e-03,nan,nan,nan,nan
1758,21.975,5.242862159e-03,4.167796654e-03,nan,nan,nan,nan
1759,21.9875,5.236132728e-03,4.162656005e-03,nan,nan,nan,nan
1760,22,5.229305850e-03,4.157438764e-03,nan,nan,nan,nan
1761,22.0125,5.222381926e-03,4.152145231e-03,nan,nan,nan,nan
1762,22.025,5.215361359e-03,4.146775713e-03,nan,nan,nan,nan
1763,22.0375,5.208244561e-03,4.141330518e-03,nan,nan,nan,nan
1764,22.05,5.201031947e-03,4.135809959e-03,nan,nan,nan,nan
1765,22.0625,5.193723937e-03,4.130214355e-03,nan,nan,nan,nan
1766,22.075,5.186320959e-03,4.124544026e-03,nan,nan,nan,nan
1767,22.0875,5.178823442e-03,4.118799298e-03,nan,nan,nan,nan
1768,22.1,5.171231824e-03,4.112980502e-03,nan,nan,nan,nan
1769,22.1125,5.163546546e-03,4.107087970e-03,nan,nan,nan,nan
1770,22.125,5.155768055e-03,4.101122040e-03,nan,nan,nan,nan
1771,22.1375,5.147896802e-03,4.095083053e-03,nan,nan,nan,nan
1772,22.15,5.139952242e-03,4.088971355e-03,nan,nan,nan,nan
1773,22.1625,5.131979016e-03,4.082787296e-03,nan,nan,nan,nan
1774,22.175,5.123914189e-03,4.076531227e-03,nan,nan,nan,nan
1775,22.1875,5.115758226e-03,4.070203507e-03,nan,nan,nan,nan
1776,22.2,5.107511601e-03,4.063804495e-03,nan,nan,nan,nan
1777,22.2125,5.099174789e-03,4.057334556e-03,nan,nan,nan,nan
1778,22.225,5.090748272e-03,4.050794057e-03,nan,nan,nan,nan
1779,22.2375,5.082232535e-03,4.044183371e-03,nan,nan,nan,nan
1780,22.25,5.073628069e-03,4.037502873e-03,nan,nan,nan,nan
1781,22.2625,5.064935369e-03,4.030752941e-03,nan,nan,nan,nan
1782,22.275,5.056154935e-03,4.023933958e-03,nan,nan,nan,nan
1783,22.2875,5.047287271e-03,4.017046310e-03,nan,nan,nan,nan
1784,22.3,5.038332885e-03,4.010090386e-03,nan,nan,nan,nan
1785,22.3125,5.029292291e-03,4.003066579e-03,nan,nan,nan,nan
1786,22.325,5.020166006e-03,3.995975284e-03,nan,nan,nan,nan
1787,22.3375,5.010954552e-03,3.988816902e-03,nan,nan,nan,nan
1788,22.35,5.001658455e-03,3.981591836e-03,nan,nan,nan,nan
1789,22.3625,4.992278245e-03,3.974300490e-03,nan,nan,nan,nan
1790,22.375,4.982814456e-03,3.966943276e-03,nan,nan,nan,nan
1791,22.3875,4.973267627e-03,3.959520605e-03,nan,nan,nan,nan
1792,22.4,4.963638300e-03,3.952032893e-03,nan,nan,nan,nan
1793,22.4125,4.953927022e-03,3.944480559e-03,nan,nan,nan,nan
1794,22.425,4.944134343e-03,3.936864026e-03,nan,nan,nan,nan
1795,22.4375,4.934260818e-03,3.929183717e-03,nan,nan,nan,nan
1796,22.45,4.924307005e-03,3.921440061e-03,nan,nan,nan,nan
1797,22.4625,4.914273466e-03,3.913633489e-03,nan,nan,nan,nan
1798,22.475,4.904160767e-03,3.905764436e-03,nan,nan,nan,nan
1799,22.4875,4.893969478e-03,3.897833337e-03,nan,nan,nan,nan
1800,22.5,4.883700170e-03,3.889840632e-03,nan,nan,nan,nan
1801,22.5125,4.873353422e-03,3.881786765e-03,nan,nan,nan,nan
1802,22.525,4.862929813e-03,3.873672179e-03,nan,nan,nan,nan
1803,22.5375,4.852429927e-03,3.865497324e-03,nan,nan,nan,nan
1804,22.55,4.841854352e-03,3.857262650e-03,nan,nan,nan,nan
1805,22.5625,4.831203677e-03,3.848972868e-03,nan,nan,nan,nan
1806,22.575,4.820478496e-03,3.840666978e-03,nan,nan,nan,nan
1807,22.5875,4.809679407e-03,3.832302457e-03,nan,nan,nan,nan
1808,22.6,4.798807010e-03,3.823879767e-03,nan,nan,nan,nan
1809,22.6125,4.787861909e-03,3.815399366e-03,nan,nan,nan,nan
1810,22.625,4.776844709e-03,3.806861719e-03,nan,nan,nan,nan
1811,22.6375,4.765756020e-03,3.798267293e-03,nan,nan,nan,nan
1812,22.65,4.754596455e-03,3.789616555e-03,nan,nan,nan,nan
1813,22.6625,4.743366630e-03,3.780909976e-03,nan,nan,nan,nan
1814,22.675,4.732067162e-03,3.772148029e-03,nan,nan,nan,nan
1815,22.6875,4.720760510e-03,3.763331190e-03,nan,nan,nan,nan
1816,22.7,4.709400245e-03,3.754459936e-03,nan,nan,nan,nan
1817,22.7125,4.697971865e-03,3.745534747e-03,nan,nan,nan,nan
1818,22.725,4.686475994e-03,3.736556105e-03,nan,nan,nan,nan
1819,22.7375,4.674913262e-03,3.727524492e-03,nan,nan,nan,nan
1820,22.75,4.663284298e-03,3.718440396e-03,nan,nan,nan,nan
1821,22.7625,4.651589737e-03,3.709304304e-03,nan,nan,nan,nan
1822,22.775,4.639830214e-03,3.700116706e-03,nan,nan,nan,nan
1823,22.7875,4.628006367e-03,3.690878093e-03,nan,nan,nan,nan
1824,22.8,4.616118837e-03,3.681588960e-03,nan,nan,nan,nan
1825,22.8125,4.604168268e-03,3.672249801e-03,nan,nan,nan,nan
1826,22.825,4.592155302e-03,3.662861114e-03,nan,nan,nan,nan
1827,22.8375,4.580080589e-03,3.653423397e-03,nan,nan,nan,nan
1828,22.85,4.567944777e-03,3.643937151e-03,nan,nan,nan,nan
1829,22.8625,4.555748518e-03,3.634402878e-03,nan,nan,nan,nan
1830,22.875,4.543492464e-03,3.624821083e-03,nan,nan,nan,nan
1831,22.8875,4.531177272e-03,3.615192269e-03,nan,nan,nan,nan
1832,22.9,4.518803598e-03,3.605516945e-03,nan,nan,nan,nan
1833,22.9125,4.506372101e-03,3.595795618e-03,nan,nan,nan,nan
1834,22.925,4.493883442e-03,3.586028798e-03,nan,nan,nan,nan
1835,22.9375,4.481338283e-03,3.576216995e-03,nan,nan,nan,nan
1836,22.95,4.468737288e-03,3.566360724e-03,nan,nan,nan,nan
1837,22.9625,4.456081123e-03,3.556460496e-03,nan,nan,nan,nan
1838,22.975,4.443370455e-03,3.546516827e-03,nan,nan,nan,nan
1839,22.9875,4.430605953e-03,3.536530234e-03,nan,nan,nan,nan
1840,23,4.417788285e-03,3.526501232e-03,nan,nan,nan,nan
1841,23.0125,4.404918125e-03,3.516430341e-03,nan,nan,nan,nan
1842,23.025,4.391996143e-03,3.506318080e-03,nan,nan,nan,nan
1843,23.0375,4.379023015e-03,3.496164970e-03,nan,nan,nan,nan
1844,23.05,4.365999414e-03,3.485971531e-03,nan,nan,nan,nan
1845,23.0625,4.352926018e-03,3.475738286e-03,nan,nan,nan,nan
1846,23.075,4.339803503e-03,3.465465758e-03,nan,nan,nan,nan
1847,23.0875,4.326632547e-03,3.455154472e-03,nan,nan,nan,nan
1848,23.1,4.313413829e-03,3.444804951e-03,nan,nan,nan,nan
1849,23.1125,4.300148030e-03,3.434417722e-03,nan,nan,nan,nan
1850,23.125,4.286835830e-03,3.423993311e-03,nan,nan,nan,nan
1851,23.1375,4.273477910e-03,3.413532245e-03,nan,nan,nan,nan
1852,23.15,4.260074954e-03,3.403035051e-03,nan,nan,nan,nan
1853,23.1625,4.246627643e-03,3.392502257e-03,nan,nan,nan,nan
1854,23.175,4.233136661e-03,3.381934393e-03,nan,nan,nan,nan
1855,23.1875,4.219602692e-03,3.371331986e-03,nan,nan,nan,nan
1856,23.2,4.206030912e-03,3.360695568e-03,nan,nan,nan,nan
1857,23.2125,4.192482389e-03,3.350025667e-03,nan,nan,nan,nan
1858,23.225,4.178892506e-03,3.339322814e-03,nan,nan,nan,nan
1859,23.2375,4.165261948e-03,3.328587540e-03,nan,nan,nan,nan
1860,23.25,4.151591397e-03,3.317821053e-03,nan,nan,nan,nan
1861,23.2625,4.137881537e-03,3.307064328e-03,nan,nan,nan,nan
1862,23.275,4.124133053e-03,3.296276525e-03,nan,nan,nan,nan
1863,23.2875,4.110346629e-03,3.285458173e-03,nan,nan,nan,nan
1864,23.3,4.096522948e-03,3.274609802e-03,nan,nan,nan,nan
1865,23.3125,4.082662695e-03,3.263731942e-03,nan,nan,nan,nan
1866,23.325,4.068766555e-03,3.252825125e-03,nan,nan,nan,nan
1867,23.3375,4.054835211e-03,3.241889880e-03,nan,nan,nan,nan
1868,23.35,4.040869346e-03,3.230926738e-03,nan,nan,nan,nan
1869,23.3625,4.026869646e-03,3.219936228e-03,nan,nan,nan,nan
1870,23.375,4.012836793e-03,3.208918881e-03,nan,nan,nan,nan
1871,23.3875,3.998771470e-03,3.197875226e-03,nan,nan,nan,nan
1872,23.4,3.984674361e-03,3.186805793e-03,nan,nan,nan,nan
1873,23.4125,3.970546147e-03,3.175711112e-03,nan,nan,nan,nan
1874,23.425,3.956387510e-03,3.164591712e-03,nan,nan,nan,nan
1875,23.4375,3.942199131e-03,3.153448121e-03,nan,nan,nan,nan
1876,23.45,3.927981692e-03,3.142280868e-03,nan,nan,nan,nan
1877,23.4625,3.913735872e-03,3.131090480e-03,nan,nan,nan,nan
1878,23.475,3.899462351e-03,3.119877485e-03,nan,nan,nan,nan
1879,23.4875,3.885161807e-03,3.108642411e-03,nan,nan,nan,nan
1880,23.5,3.870834919e-03,3.097385783e-03,nan,nan,nan,nan
1881,23.5125,3.856482362e-03,3.086108127e-03,nan,nan,nan,nan
1882,23.525,3.842104813e-03,3.074809969e-03,nan,nan,nan,nan
1883,23.5375,3.827702948e-03,3.063491832e-03,nan,nan,nan,nan
1884,23.55,3.813277440e-03,3.052154242e-03,nan,nan,nan,nan
1885,23.5625,3.798828963e-03,3.040797721e-03,nan,nan,nan,nan
1886,23.575,3.784358187e-03,3.029422791e-03,nan,nan,nan,nan
1887,23.5875,3.769865785e-03,3.018029974e-03,nan,nan,nan,nan
1888,23.6,3.755352425e-03,3.006619791e-03,nan,nan,nan,nan
1889,23.6125,3.740818777e-03,2.995192760e-03,nan,nan,nan,nan
1890,23.625,3.726265506e-03,2.983749402e-03,nan,nan,nan,nan
1891,23.6375,3.711693279e-03,2.972290234e-03,nan,nan,nan,nan
1892,23.65,3.697102759e-03,2.960815773e-03,nan,nan,nan,nan
1893,23.6625,3.682494611e-03,2.949326534e-03,nan,nan,nan,nan
1894,23.675,3.667869494e-03,2.937823033e-03,nan,nan,nan,nan
1895,23.6875,3.653228068e-03,2.926305782e-03,nan,nan,nan,nan
1896,23.7,3.638570992e-03,2.914775295e-03,nan,nan,nan,nan
1897,23.7125,3.623898922e-03,2.903232082e-03,nan,nan,nan,nan
1898,23.725,3.609268279e-03,2.891676654e-03,nan,nan,nan,nan
1899,23.7375,3.594628263e-03,2.880109519e-03,nan,nan,nan,nan
1900,23.75,3.579974737e-03,2.868531184e-03,nan,nan,nan,nan
1901,23.7625,3.565308351e-03,2.856942157e-03,nan,nan,nan,nan
1902,23.775,3.550629751e-03,2.845342941e-03,nan,nan,nan,nan
1903,23.7875,3.535939581e-03,2.833734040e-03,nan,nan,nan,nan
1904,23.8,3.521238485e-03,2.822115955e-03,nan,nan,nan,nan
1905,23.8125,3.506527104e-03,2.810489188e-03,nan,nan,nan,nan
1906,23.825,3.491806076e-03,2.798854237e-03,nan,nan,nan,nan
1907,23.8375,3.477076039e-03,2.787211599e-03,nan,nan,nan,nan
1908,23.85,3.462337628e-03,2.775561770e-03,nan,nan,nan,nan
1909,23.8625,3.447591474e-03,2.763905244e-03,nan,nan,nan,nan
1910,23.875,3.432838208e-03,2.752242515e-03,nan,nan,nan,nan
1911,23.8875,3.418078460e-03,2.740574071e-03,nan,nan,nan,nan
1912,23.9,3.403312854e-03,2.728900404e-03,nan,nan,nan,nan
1913,23.9125,3.388542014e-03,2.717222000e-03,nan,nan,nan,nan
1914,23.925,3.373766562e-03,2.705558041e-03,nan,nan,nan,nan
1915,23.9375,3.358987116e-03,2.693906551e-03,nan,nan,nan,nan
1916,23.95,3.344204293e-03,2.682251489e-03,nan,nan,nan,nan
1917,23.9625,3.329418707e-03,2.670593335e-03,nan,nan,nan,nan
1918,23.975,3.314630970e-03,2.658932568e-03,nan,nan,nan,nan
1919,23.9875,3.299841690e-03,2.647269662e-03,nan,nan,nan,nan
1920,24,3.285051474e-03,2.635605093e-03,nan,nan,nan,nan
1921,24.0125,3.270260926e-03,2.623939332e-03,nan,nan,nan,nan
1922,24.025,3.255470646e-03,2.612272849e-03,nan,nan,nan,nan
1923,24.0375,3.240681234e-03,2.600606113e-03,nan,nan,nan,nan
1924,24.05,3.225893284e-03,2.588939589e-03,nan,nan,nan,nan
1925,24.0625,3.211107389e-03,2.577273741e-03,nan,nan,nan,nan
1926,24.075,3.196324140e-03,2.565609033e-03,nan,nan,nan,nan
1927,24.0875,3.181544125e-03,2.553945922e-03,nan,nan,nan,nan
1928,24.1,3.166767926e-03,2.542284867e-03,nan,nan,nan,nan
1929,24.1125,3.151996126e-03,2.530626323e-03,nan,nan,nan,nan
1930,24.125,3.137229303e-03,2.518970744e-03,nan,nan,nan,nan
1931,24.1375,3.122468033e-03,2.507318580e-03,nan,nan,nan,nan
1932,24.15,3.107712888e-03,2.495670281e-03,nan,nan,nan,nan
1933,24.1625,3.092964438e-03,2.484026292e-03,nan,nan,nan,nan
1934,24.175,3.078223249e-03,2.472387057e-03,nan,nan,nan,nan
1935,24.1875,3.063489884e-03,2.460753019e-03,nan,nan,nan,nan
1936,24.2,3.048764903e-03,2.449124617e-03,nan,nan,nan,nan
1937,24.2125,3.034048864e-03,2.437502288e-03,nan,nan,nan,nan
1938,24.225,3.019357239e-03,2.425886467e-03,nan,nan,nan,nan
1939,24.2375,3.004711658e-03,2.414277585e-03,nan,nan,nan,nan
1940,24.25,2.990076186e-03,2.402676072e-03,nan,nan,nan,nan
1941,24.2625,2.975451367e-03,2.391082357e-03,nan,nan,nan,nan
1942,24.275,2.960837743e-03,2.379496863e-03,nan,nan,nan,nan
1943,24.2875,2.946235851e-03,2.367920012e-03,nan,nan,nan,nan
1944,24.3,2.931646226e-03,2.356352225e-03,nan,nan,nan,nan
1945,24.3125,2.917069399e-03,2.344793919e-03,nan,nan,nan,nan
1946,24.325,2.902505896e-03,2.333245507e-03,nan,nan,nan,nan
1947,24.3375,2.887956244e-03,2.321707403e-03,nan,nan,nan,nan
1948,24.35,2.873420962e-03,2.310180014e-03,nan,nan,nan,nan
1949,24.3625,2.858900567e-03,2.298663749e-03,nan,nan,nan,nan
1950,24.375,2.844395575e-03,2.287159011e-03,nan,nan,nan,nan
1951,24.3875,2.829906494e-03,2.275666200e-03,nan,nan,nan,nan
1952,24.4,2.815433832e-03,2.264185717e-03,nan,nan,nan,nan
1953,24.4125,2.800978092e-03,2.252717956e-03,nan,nan,nan,nan
1954,24.425,2.786539774e-03,2.241263311e-03,nan,nan,nan,nan
1955,24.4375,2.772119374e-03,2.229822173e-03,nan,nan,nan,nan
1956,24.45,2.757717384e-03,2.218394928e-03,nan,nan,nan,nan
1957,24.4625,2.743334293e-03,2.206981962e-03,nan,nan,nan,nan
1958,24.475,2.728970585e-03,2.195583656e-03,nan,nan,nan,nan
1959,24.4875,2.714626744e-03,2.184200390e-03,nan,nan,nan,nan
1960,24.5,2.700303245e-03,2.172832540e-03,nan,nan,nan,nan
1961,24.5125,2.686000564e-03,2.161480479e-03,nan,nan,nan,nan
1962,24.525,2.671719170e-03,2.150144579e-03,nan,nan,nan,nan
1963,24.5375,2.657459529e-03,2.138825207e-03,nan,nan,nan,nan
1964,24.55,2.643222105e-03,2.127522727e-03,nan,nan,nan,nan
1965,24.5625,2.629007356e-03,2.116237501e-03,nan,nan,nan,nan
1966,24.575,2.614815738e-03,2.104981831e-03,nan,nan,nan,nan
1967,24.5875,2.600647701e-03,2.093760014e-03,nan,nan,nan,nan
1968,24.6,2.586503693e-03,2.082556233e-03,nan,nan,nan,nan
1969,24.6125,2.572384156e-03,2.071370839e-03,nan,nan,nan,nan
1970,24.625,2.558289532e-03,2.060204180e-03,nan,nan,nan,nan
1971,24.6375,2.544220256e-03,2.049056600e-03,nan,nan,nan,nan
1972,24.65,2.530176758e-03,2.037928441e-03,nan,nan,nan,nan
1973,24.6625,2.516159468e-03,2.026820042e-03,nan,nan,nan,nan
1974,24.675,2.502168808e-03,2.015731738e-03,nan,nan,nan,nan
1975,24.6875,2.488205200e-03,2.004663863e-03,nan,nan,nan,nan
1976,24.7,2.474269058e-03,1.993616745e-03,nan,nan,nan,nan
1977,24.7125,2.460360795e-03,1.982590712e-03,nan,nan,nan,nan
1978,24.725,2.446484992e-03,1.971586087e-03,nan,nan,nan,nan
1979,24.7375,2.432675378e-03,1.960603191e-03,nan,nan,nan,nan
1980,24.75,2.418894392e-03,1.949642340e-03,nan,nan,nan,nan
1981,24.7625,2.405142431e-03,1.938703850e-03,nan,nan,nan,nan
1982,24.775,2.391419887e-03,1.927788031e-03,nan,nan,nan,nan
1983,24.7875,2.377727151e-03,1.916895193e-03,nan,nan,nan,nan
1984,24.8,2.364064607e-03,1.906025639e-03,nan,nan,nan,nan
1985,24.8125,2.350432637e-03,1.895179673e-03,nan,nan,nan,nan
1986,24.825,2.336831618e-03,1.884357592e-03,nan,nan,nan,nan
1987,24.8375,2.323261922e-03,1.873559693e-03,nan,nan,nan,nan
1988,24.85,2.309723920e-03,1.862786269e-03,nan,nan,nan,nan
1989,24.8625,2.296217976e-03,1.852037609e-03,nan,nan,nan,nan
1990,24.875,2.282744451e-03,1.841313998e-03,nan,nan,nan,nan
1991,24.8875,2.269303703e-03,1.830615722e-03,nan,nan,nan,nan
1992,24.9,2.255896083e-03,1.819943059e-03,nan,nan,nan,nan
1993,24.9125,2.242521940e-03,1.809296287e-03,nan,nan,nan,nan
1994,24.925,2.229181620e-03,1.798675679e-03,nan,nan,nan,nan
1995,24.9375,2.215875462e-03,1.788081506e-03,nan,nan,nan,nan
1996,24.95,2.202603804e-03,1.777514036e-03,nan,nan,nan,nan
1997,24.9625,2.189366977e-03,1.766973533e-03,nan,nan,nan,nan
1998,24.975,2.176165310e-03,1.756460258e-03,nan,nan,nan,nan
1999,24.9875,2.162999127e-03,1.745974469e-03,nan,nan,nan,nan
2000,25,2.149868749e-03,1.735516422e-03,nan,nan,nan,nan
2001,25.0125,2.136774490e-03,1.725086367e-03,nan,nan,nan,nan
2002,25.025,2.123716663e-03,1.714684553e-03,nan,nan,nan,nan
2003,25.0375,2.110695575e-03,1.704311225e-03,nan,nan,nan,nan
2004,25.05,2.097711531e-03,1.693966626e-03,nan,nan,nan,nan
2005,25.0625,2.084764830e-03,1.683650995e-03,nan,nan,nan,nan
2006,25.075,2.071855767e-03,1.673364567e-03,nan,nan,nan,nan
2007,25.0875,2.058984633e-03,1.663107575e-03,nan,nan,nan,nan
2008,25.1,2.046151716e-03,1.652880249e-03,nan,nan,nan,nan
2009,25.1125,2.033357298e-03,1.642682814e-03,nan,nan,nan,nan
2010,25.125,2.020601660e-03,1.632515495e-03,nan,nan,nan,nan
2011,25.1375,2.007885075e-03,1.622378510e-03,nan,nan,nan,nan
2012,25.15,1.995207815e-03,1.612272077e-03,nan,nan,nan,nan
2013,25.1625,1.982570146e-03,1.602196409e-03,nan,nan,nan,nan
2014,25.175,1.969972331e-03,1.592151716e-03,nan,nan,nan,nan
2015,25.1875,1.957414628e-03,1.582138207e-03,nan,nan,nan,nan
2016,25.2,1.944897292e-03,1.572156085e-03,nan,nan,nan,nan
2017,25.2125,1.932420574e-03,1.562216532e-03,nan,nan,nan,nan
2018,25.225,1.919993942e-03,1.552318848e-03,nan,nan,nan,nan
2019,25.2375,1.907632109e-03,1.542452884e-03,nan,nan,nan,nan
2020,25.25,1.895311200e-03,1.532618834e-03,nan,nan,nan,nan
2021,25.2625,1.883031452e-03,1.522816886e-03,nan,nan,nan,nan
2022,25.275,1.870793097e-03,1.513047228e-03,nan,nan,nan,nan
2023,25.2875,1.858596362e-03,1.503310042e-03,nan,nan,nan,nan
2024,25.3,1.846441472e-03,1.493605509e-03,nan,nan,nan,nan
2025,25.3125,1.834328648e-03,1.483933805e-03,nan,nan,nan,nan
2026,25.325,1.822258104e-03,1.474295106e-03,nan,nan,nan,nan
2027,25.3375,1.810230055e-03,1.464689581e-03,nan,nan,nan,nan
2028,25.35,1.798244706e-03,1.455117398e-03,nan,nan,nan,nan
2029,25.3625,1.786302264e-03,1.445578723e-03,nan,nan,nan,nan
2030,25.375,1.774402928e-03,1.436073717e-03,nan,nan,nan,nan
2031,25.3875,1.762546894e-03,1.426602538e-03,nan,nan,nan,nan
2032,25.4,1.750734355e-03,1.417165343e-03,nan,nan,nan,nan
2033,25.4125,1.738965500e-03,1.407762283e-03,nan,nan,nan,nan
2034,25.425,1.727240512e-03,1.398393508e-03,nan,nan,nan,nan
2035,25.4375,1.715559573e-03,1.389059165e-03,nan,nan,nan,nan
2036,25.45,1.703922859e-03,1.379759396e-03,nan,nan,nan,nan
2037,25.4625,1.692330544e-03,1.370494343e-03,nan,nan,nan,nan
2038,25.475,1.680782795e-03,1.361264142e-03,nan,nan,nan,nan
2039,25.4875,1.669279778e-03,1.352068928e-03,nan,nan,nan,nan
2040,25.5,1.657821656e-03,1.342908832e-03,nan,nan,nan,nan
2041,25.5125,1.646408584e-03,1.333783983e-03,nan,nan,nan,nan
2042,25.525,1.635040716e-03,1.324694506e-03,nan,nan,nan,nan
2043,25.5375,1.623718203e-03,1.315640523e-03,nan,nan,nan,nan
2044,25.55,1.612441191e-03,1.306622154e-03,nan,nan,nan,nan
2045,25.5625,1.601209821e-03,1.297639516e-03,nan,nan,nan,nan
2046,25.575,1.590024233e-03,1.288692722e-03,nan,nan,nan,nan
2047,25.5875,1.578884561e-03,1.279781882e-03,nan,nan,nan,nan
2048,25.6,1.567790935e-03,1.270907105e-03,nan,nan,nan,nan
2049,25.6125,1.556743484e-03,1.262068496e-03,nan,nan,nan,nan
2050,25.625,1.545742331e-03,1.253266156e-03,nan,nan,nan,nan
2051,25.6375,1.534787596e-03,1.244500184e-03,nan,nan,nan,nan
2052,25.65,1.523879395e-03,1.235770678e-03,nan,nan,nan,nan
2053,25.6625,1.513017840e-03,1.227077729e-03,nan,nan,nan,nan
2054,25.675,1.502203042e-03,1.218421429e-03,nan,nan,nan,nan
2055,25.6875,1.491435104e-03,1.209801866e-03,nan,nan,nan,nan
2056,25.7,1.480714129e-03,1.201219124e-03,nan,nan,nan,nan
2057,25.7125,1.470040215e-03,1.192673286e-03,nan,nan,nan,nan
2058,25.725,1.459432865e-03,1.184164431e-03,nan,nan,nan,nan
2059,25.7375,1.448878436e-03,1.175692635e-03,nan,nan,nan,nan
2060,25.75,1.438370979e-03,1.167257972e-03,nan,nan,nan,nan
2061,25.7625,1.427910581e-03,1.158860514e-03,nan,nan,nan,nan
2062,25.775,1.417497324e-03,1.150500328e-03,nan,nan,nan,nan
2063,25.7875,1.407131289e-03,1.142177481e-03,nan,nan,nan,nan
2064,25.8,1.396812551e-03,1.133892035e-03,nan,nan,nan,nan
2065,25.8125,1.386541182e-03,1.125644050e-03,nan,nan,nan,nan
2066,25.825,1.376317251e-03,1.117433584e-03,nan,nan,nan,nan
2067,25.8375,1.366140826e-03,1.109270618e-03,nan,nan,nan,nan
2068,25.85,1.356011966e-03,1.101150564e-03,nan,nan,nan,nan
2069,25.8625,1.345930733e-03,1.093067967e-03,nan,nan,nan,nan
2070,25.875,1.335897181e-03,1.085022875e-03,nan,nan,nan,nan
2071,25.8875,1.325911363e-03,1.077015334e-03,nan,nan,nan,nan
2072,25.9,1.315973327e-03,1.069045387e-03,nan,nan,nan,nan
2073,25.9125,1.306083120e-03,1.061113076e-03,nan,nan,nan,nan
2074,25.925,1.296240784e-03,1.053218438e-03,nan,nan,nan,nan
2075,25.9375,1.286446359e-03,1.045361508e-03,nan,nan,nan,nan
2076,25.95,1.276699880e-03,1.037542321e-03,nan,nan,nan,nan
2077,25.9625,1.267001380e-03,1.029760906e-03,nan,nan,nan,nan
2078,25.975,1.257350889e-03,1.022017291e-03,nan,nan,nan,nan
2079,25.9875,1.247748434e-03,1.014311503e-03,nan,nan,nan,nan
2080,26,1.238194038e-03,1.006643564e-03,nan,nan,nan,nan
2081,26.0125,1.228687722e-03,9.990134943e-04,nan,nan,nan,nan
2082,26.025,1.219229502e-03,9.914213133e-04,nan,nan,nan,nan
2083,26.0375,1.209819393e-03,9.838670366e-04,nan,nan,nan,nan
2084,26.05,1.200457406e-03,9.763506775e-04,nan,nan,nan,nan
2085,26.0625,1.191143549e-03,9.688722473e-04,nan,nan,nan,nan
2086,26.075,1.181877828e-03,9.614317546e-04,nan,nan,nan,nan
2087,26.0875,1.172660244e-03,9.540292060e-04,nan,nan,nan,nan
2088,26.1,1.163490797e-03,9.466646056e-04,nan,nan,nan,nan
2089,26.1125,1.154369484e-03,9.393379552e-04,nan,nan,nan,nan
2090,26.125,1.145296297e-03,9.320492543e-04,nan,nan,nan,nan
2091,26.1375,1.136271227e-03,9.247985002e-04,nan,nan,nan,nan
2092,26.15,1.127294261e-03,9.175856879e-04,nan,nan,nan,nan
2093,26.1625,1.118365386e-03,9.104108103e-04,nan,nan,nan,nan
2094,26.175,1.109484582e-03,9.032738578e-04,nan,nan,nan,nan
2095,26.1875,1.100651829e-03,8.961748189e-04,nan,nan,nan,nan
2096,26.2,1.091867104e-03,8.891136799e-04,nan,nan,nan,nan
2097,26.2125,1.083139868e-03,8.820904246e-04,nan,nan,nan,nan
2098,26.225,1.074469851e-03,8.751050351e-04,nan,nan,nan,nan
2099,26.2375,1.065847475e-03,8.681574910e-04,nan,nan,nan,nan
2100,26.25,1.057272708e-03,8.612477702e-04,nan,nan,nan,nan
2101,26.2625,1.048745517e-03,8.543758482e-04,nan,nan,nan,nan
2102,26.275,1.040265863e-03,8.475416984e-04,nan,nan,nan,nan
2103,26.2875,1.031833708e-03,8.407452925e-04,nan,nan,nan,nan
2104,26.3,1.023449008e-03,8.339865997e-04,nan,nan,nan,nan
2105,26.3125,1.015111719e-03,8.272655876e-04,nan,nan,nan,nan
2106,26.325,1.006821794e-03,8.205822216e-04,nan,nan,nan,nan
2107,26.3375,9.985791833e-04,8.139364651e-04,nan,nan,nan,nan
2108,26.35,9.903838338e-04,8.073282796e-04,nan,nan,nan,nan
2109,26.3625,9.822356912e-04,8.007576248e-04,nan,nan,nan,nan
2110,26.375,9.741346982e-04,7.942244582e-04,nan,nan,nan,nan
2111,26.3875,9.660807952e-04,7.877287357e-04,nan,nan,nan,nan
2112,26.4,9.580739203e-04,7.812704110e-04,nan,nan,nan,nan
2113,26.4125,9.501140092e-04,7.748494361e-04,nan,nan,nan,nan
2114,26.425,9.422009953e-04,7.684657614e-04,nan,nan,nan,nan
2115,26.4375,9.343348096e-04,7.621193350e-04,nan,nan,nan,nan
2116,26.45,9.265153809e-04,7.558172831e-04,nan,nan,nan,nan
2117,26.4625,9.187426357e-04,7.495557149e-04,nan,nan,nan,nan
2118,26.475,9.110164983e-04,7.433310572e-04,nan,nan,nan,nan
2119,26.4875,9.033368909e-04,7.371432527e-04,nan,nan,nan,nan
2120,26.5,8.957037334e-04,7.309922424e-04,nan,nan,nan,nan
2121,26.5125,8.881169436e-04,7.248779656e-04,nan,nan,nan,nan
2122,26.525,8.805764370e-04,7.188003599e-04,nan,nan,nan,nan
2123,26.5375,8.730821273e-04,7.127593611e-04,nan,nan,nan,nan
2124,26.55,8.656339259e-04,7.067549035e-04,nan,nan,nan,nan
2125,26.5625,8.582317422e-04,7.007869198e-04,nan,nan,nan,nan
2126,26.575,8.508754835e-04,6.948553408e-04,nan,nan,nan,nan
2127,26.5875,8.435650554e-04,6.889600961e-04,nan,nan,nan,nan
2128,26.6,8.363003611e-04,6.831011133e-04,nan,nan,nan,nan
2129,26.6125,8.290813020e-04,6.772783189e-04,nan,nan,nan,nan
2130,26.625,8.219077779e-04,6.714916374e-04,nan,nan,nan,nan
2131,26.6375,8.147796861e-04,6.657409922e-04,nan,nan,nan,nan
2132,26.65,8.076969224e-04,6.600263048e-04,nan,nan,nan,nan
2133,26.6625,8.006593808e-04,6.543474956e-04,nan,nan,nan,nan
2134,26.675,7.936669533e-04,6.487044831e-04,nan,nan,nan,nan
2135,26.6875,7.867195300e-04,6.430971849e-04,nan,nan,nan,nan
2136,26.7,7.798229523e-04,6.375255167e-04,nan,nan,nan,nan
2137,26.7125,7.729787406e-04,6.319893929e-04,nan,nan,nan,nan
2138,26.725,7.661789555e-04,6.264887268e-04,nan,nan,nan,nan
2139,26.7375,7.594234827e-04,6.210234299e-04,nan,nan,nan,nan
2140,26.75,7.527122060e-04,6.155934127e-04,nan,nan,nan,nan
2141,26.7625,7.460450077e-04,6.101985842e-04,nan,nan,nan,nan
2142,26.775,7.394217681e-04,6.048388520e-04,nan,nan,nan,nan
2143,26.7875,7.328423664e-04,5.995141227e-04,nan,nan,nan,nan
2144,26.8,7.263066799e-04,5.942243013e-04,nan,nan,nan,nan
2145,26.8125,7.198145842e-04,5.889692918e-04,nan,nan,nan,nan
2146,26.825,7.133659538e-04,5.837489968e-04,nan,nan,nan,nan
2147,26.8375,7.069606612e-04,5.785633177e-04,nan,nan,nan,nan
2148,26.85,7.005985777e-04,5.734121548e-04,nan,nan,nan,nan
2149,26.8625,6.942795730e-04,5.682954071e-04,nan,nan,nan,nan
2150,26.875,6.880035153e-04,5.632129725e-04,nan,nan,nan,nan
2151,26.8875,6.817702717e-04,5.581647478e-04,nan,nan,nan,nan
2152,26.9,6.755797074e-04,5.531506285e-04,nan,nan,nan,nan
2153,26.9125,6.694316866e-04,5.481705091e-04,nan,nan,nan,nan
2154,26.925,6.633260720e-04,5.432242832e-04,nan,nan,nan,nan
2155,26.9375,6.572627250e-04,5.383118429e-04,nan,nan,nan,nan
2156,26.95,6.512415056e-04,5.334330797e-04,nan,nan,nan,nan
2157,26.9625,6.452622726e-04,5.285878838e-04,nan,nan,nan,nan
2158,26.975,6.393248836e-04,5.237761443e-04,nan,nan,nan,nan
2159,26.9875,6.334291948e-04,5.189977496e-04,nan,nan,nan,nan
2160,27,6.275750613e-04,5.142525869e-04,nan,nan,nan,nan
2161,27.0125,6.217623370e-04,5.095405425e-04,nan,nan,nan,nan
2162,27.025,6.159908746e-04,5.048615017e-04,nan,nan,nan,nan
2163,27.0375,6.102605256e-04,5.002153490e-04,nan,nan,nan,nan
2164,27.05,6.045711404e-04,4.956053670e-04,nan,nan,nan,nan
2165,27.0625,5.989225685e-04,4.910316455e-04,nan,nan,nan,nan
2166,27.075,5.933146580e-04,4.864903319e-04,nan,nan,nan,nan
2167,27.0875,5.877472560e-04,4.819813084e-04,nan,nan,nan,nan
2168,27.1,5.822202089e-04,4.775044565e-04,nan,nan,nan,nan
2169,27.1125,5.767333616e-04,4.730596566e-04,nan,nan,nan,nan
2170,27.125,5.712865584e-04,4.686467885e-04,nan,nan,nan,nan
2171,27.1375,5.658796423e-04,4.642657311e-04,nan,nan,nan,nan
2172,27.15,5.605124558e-04,4.599163626e-04,nan,nan,nan,nan
2173,27.1625,5.551848399e-04,4.555985603e-04,nan,nan,nan,nan
2174,27.175,5.498966352e-04,4.513122010e-04,nan,nan,nan,nan
2175,27.1875,5.446526394e-04,4.470571606e-04,nan,nan,nan,nan
2176,27.2,5.394522430e-04,4.428333142e-04,nan,nan,nan,nan
2177,27.2125,5.342905925e-04,4.386405365e-04,nan,nan,nan,nan
2178,27.225,5.291675268e-04,4.344787011e-04,nan,nan,nan,nan
2179,27.2375,5.240828842e-04,4.303476814e-04,nan,nan,nan,nan
2180,27.25,5.190365021e-04,4.262473499e-04,nan,nan,nan,nan
2181,27.2625,5.140282171e-04,4.221775785e-04,nan,nan,nan,nan
2182,27.275,5.090578652e-04,4.181382384e-04,nan,nan,nan,nan
2183,27.2875,5.041252816e-04,4.141292004e-04,nan,nan,nan,nan
2184,27.3,4.992303006e-04,4.101503346e-04,nan,nan,nan,nan
2185,27.3125,4.943727562e-04,4.062015106e-04,nan,nan,nan,nan
2186,27.325,4.895524815e-04,4.022825974e-04,nan,nan,nan,nan
2187,27.3375,4.847693088e-04,3.983934635e-04,nan,nan,nan,nan
2188,27.35,4.800230702e-04,3.945339768e-04,nan,nan,nan,nan
2189,27.3625,4.753135967e-04,3.907040047e-04,nan,nan,nan,nan
2190,27.375,4.706407191e-04,3.869034144e-04,nan,nan,nan,nan
2191,27.3875,4.660042675e-04,3.831320722e-04,nan,nan,nan,nan
2192,27.4,4.614040715e-04,3.793898442e-04,nan,nan,nan,nan
2193,27.4125,4.568399599e-04,3.756765961e-04,nan,nan,nan,nan
2194,27.425,4.523117615e-04,3.719921930e-04,nan,nan,nan,nan
2195,27.4375,4.478193040e-04,3.683364996e-04,nan,nan,nan,nan
2196,27.45,4.433624152e-04,3.647093805e-04,nan,nan,nan,nan
2197,27.4625,4.389409222e-04,3.611106995e-04,nan,nan,nan,nan
2198,27.475,4.345546514e-04,3.575403203e-04,nan,nan,nan,nan
2199,27.4875,4.302034293e-04,3.539981062e-04,nan,nan,nan,nan
2200,27.5,4.258870817e-04,3.504839201e-04,nan,nan,nan,nan
2201,27.5125,4.216054340e-04,3.469976246e-04,nan,nan,nan,nan
2202,27.525,4.173583113e-04,3.435390821e-04,nan,nan,nan,nan
2203,27.5375,4.131455384e-04,3.401081545e-04,nan,nan,nan,nan
2204,27.55,4.089669398e-04,3.367047037e-04,nan,nan,nan,nan
2205,27.5625,4.048223395e-04,3.333285910e-04,nan,nan,nan,nan
2206,27.575,4.007115614e-04,3.299796776e-04,nan,nan,nan,nan
2207,27.5875,3.966344291e-04,3.266578247e-04,nan,nan,nan,nan
2208,27.6,3.925907659e-04,3.233628928e-04,nan,nan,nan,nan
2209,27.6125,3.885803947e-04,3.200947425e-04,nan,nan,nan,nan
2210,27.625,3.846031386e-04,3.168532342e-04,nan,nan,nan,nan
2211,27.6375,3.806588200e-04,3.136382279e-04,nan,nan,nan,nan
2212,27.65,3.767472616e-04,3.104538833e-04,nan,nan,nan,nan
2213,27.6625,3.728682854e-04,3.072958792e-04,nan,nan,nan,nan
2214,27.675,3.690262823e-04,3.041638672e-04,nan,nan,nan,nan
2215,27.6875,3.652183454e-04,3.010577077e-04,nan,nan,nan,nan
2216,27.7,3.614423238e-04,2.979772615e-04,nan,nan,nan,nan
2217,27.7125,3.576980409e-04,2.949223887e-04,nan,nan,nan,nan
2218,27.725,3.539853200e-04,2.918929497e-04,nan,nan,nan,nan
2219,27.7375,3.503039845e-04,2.888888046e-04,nan,nan,nan,nan
2220,27.75,3.466538573e-04,2.859098136e-04,nan,nan,nan,nan
2221,27.7625,3.430347617e-04,2.829558367e-04,nan,nan,nan,nan
2222,27.775,3.394465205e-04,2.800267338e-04,nan,nan,nan,nan
2223,27.7875,3.358889569e-04,2.771223649e-04,nan,nan,nan,nan
2224,27.8,3.323618939e-04,2.742425898e-04,nan,nan,nan,nan
2225,27.8125,3.288651543e-04,2.713872684e-04,nan,nan,nan,nan
2226,27.825,3.253985613e-04,2.685562605e-04,nan,nan,nan,nan
2227,27.8375,3.219619379e-04,2.657494261e-04,nan,nan,nan,nan
2228,27.85,3.185551070e-04,2.629666250e-04,nan,nan,nan,nan
2229,27.8625,3.151778919e-04,2.602077171e-04,nan,nan,nan,nan
2230,27.875,3.118301158e-04,2.574725622e-04,nan,nan,nan,nan
2231,27.8875,3.085116019e-04,2.547610204e-04,nan,nan,nan,nan
2232,27.9,3.052221736e-04,2.520729517e-04,nan,nan,nan,nan
2233,27.9125,3.019616544e-04,2.494082162e-04,nan,nan,nan,nan
2234,27.925,2.987298678e-04,2.467666741e-04,nan,nan,nan,nan
2235,27.9375,2.955266377e-04,2.441481855e-04,nan,nan,nan,nan
2236,27.95,2.923517879e-04,2.415526109e-04,nan,nan,nan,nan
2237,27.9625,2.892051425e-04,2.389798107e-04,nan,nan,nan,nan
2238,27.975,2.860865257e-04,2.364296454e-04,nan,nan,nan,nan
2239,27.9875,2.829957619e-04,2.339019759e-04,nan,nan,nan,nan
2240,28,2.799326757e-04,2.313966628e-04,nan,nan,nan,nan
2241,28.0125,2.768970919e-04,2.289135673e-04,nan,nan,nan,nan
2242,28.025,2.738888356e-04,2.264525503e-04,nan,nan,nan,nan
2243,28.0375,2.709077320e-04,2.240134733e-04,nan,nan,nan,nan
2244,28.05,2.679536068e-04,2.215961978e-04,nan,nan,nan,nan
2245,28.0625,2.650262855e-04,2.192005853e-04,nan,nan,nan,nan
2246,28.075,2.621255944e-04,2.168264977e-04,nan,nan,nan,nan
2247,28.0875,2.592513596e-04,2.144737971e-04,nan,nan,nan,nan
2248,28.1,2.564034080e-04,2.121423458e-04,nan,nan,nan,nan
2249,28.1125,2.535815663e-04,2.098320063e-04,nan,nan,nan,nan
2250,28.125,2.507856617e-04,2.075426412e-04,nan,nan,nan,nan
2251,28.1375,2.480155220e-04,2.052741135e-04,nan,nan,nan,nan
2252,28.15,2.452709748e-04,2.030262864e-04,nan,nan,nan,nan
2253,28.1625,2.425559008e-04,2.007990233e-04,nan,nan,nan,nan
2254,28.175,2.398662230e-04,1.985921881e-04,nan,nan,nan,nan
2255,28.1875,2.372015297e-04,1.964056446e-04,nan,nan,nan,nan
2256,28.2,2.345616515e-04,1.942392571e-04,nan,nan,nan,nan
2257,28.2125,2.319464195e-04,1.920928901e-04,nan,nan,nan,nan
2258,28.225,2.293556651e-04,1.899664157e-04,nan,nan,nan,nan
2259,28.2375,2.267892199e-04,1.878624425e-04,nan,nan,nan,nan
2260,28.25,2.242469163e-04,1.857780246e-04,nan,nan,nan,nan
2261,28.2625,2.217285869e-04,1.837130287e-04,nan,nan,nan,nan
2262,28.275,2.192340645e-04,1.816673215e-04,nan,nan,nan,nan
2263,28.2875,2.167631827e-04,1.796407704e-04,nan,nan,nan,nan
2264,28.3,2.143157753e-04,1.776332429e-04,nan,nan,nan,nan
2265,28.3125,2.118916767e-04,1.756446070e-04,nan,nan,nan,nan
2266,28.325,2.094907216e-04,1.736747307e-04,nan,nan,nan,nan
2267,28.3375,2.071127452e-04,1.717234829e-04,nan,nan,nan,nan
2268,28.35,2.047575833e-04,1.697907323e-04,nan,nan,nan,nan
2269,28.3625,2.024250720e-04,1.678763482e-04,nan,nan,nan,nan
2270,28.375,2.001150480e-04,1.659802005e-04,nan,nan,nan,nan
2271,28.3875,1.978273484e-04,1.641021590e-04,nan,nan,nan,nan
2272,28.4,1.955618109e-04,1.622420943e-04,nan,nan,nan,nan
2273,28.4125,1.933182737e-04,1.603998771e-04,nan,nan,nan,nan
2274,28.425,1.910965754e-04,1.585753787e-04,nan,nan,nan,nan
2275,28.4375,1.888965552e-04,1.567684707e-04,nan,nan,nan,nan
2276,28.45,1.867180529e-04,1.549790250e-04,nan,nan,nan,nan
2277,28.4625,1.845609087e-04,1.532069142e-04,nan,nan,nan,nan
2278,28.475,1.824249634e-04,1.514520110e-04,nan,nan,nan,nan
2279,28.4875,1.803100584e-04,1.497141888e-04,nan,nan,nan,nan
2280,28.5,1.782160356e-04,1.479933211e-04,nan,nan,nan,nan
2281,28.5125,1.761427375e-04,1.462892822e-04,nan,nan,nan,nan
2282,28.525,1.740900071e-04,1.446019465e-04,nan,nan,nan,nan
2283,28.5375,1.720576880e-04,1.429311892e-04,nan,nan,nan,nan
2284,28.55,1.700456245e-04,1.412768855e-04,nan,nan,nan,nan
2285,28.5625,1.680536613e-04,1.396389115e-04,nan,nan,nan,nan
2286,28.575,1.660816439e-04,1.380171435e-04,nan,nan,nan,nan
2287,28.5875,1.641294181e-04,1.364114582e-04,nan,nan,nan,nan
2288,28.6,1.621968306e-04,1.348217330e-04,nan,nan,nan,nan
2289,28.6125,1.602837285e-04,1.332478457e-04,nan,nan,nan,nan
2290,28.625,1.583899597e-04,1.316896744e-04,nan,nan,nan,nan
2291,28.6375,1.565159465e-04,1.301470978e-04,nan,nan,nan,nan
2292,28.65,1.546631197e-04,1.286199951e-04,nan,nan,nan,nan
2293,28.6625,1.528291085e-04,1.271082461e-04,nan,nan,nan,nan
2294,28.675,1.510137640e-04,1.256117308e-04,nan,nan,nan,nan
2295,28.6875,1.492169383e-04,1.241303300e-04,nan,nan,nan,nan
2296,28.7,1.474384840e-04,1.226639247e-04,nan,nan,nan,nan
2297,28.7125,1.456782541e-04,1.212123966e-04,nan,nan,nan,nan
2298,28.725,1.439361027e-04,1.197756280e-04,nan,nan,nan,nan
2299,28.7375,1.422118841e-04,1.183535014e-04,nan,nan,nan,nan
2300,28.75,1.405054535e-04,1.169459000e-04,nan,nan,nan,nan
2301,28.7625,1.388166667e-04,1.155527076e-04,nan,nan,nan,nan
2302,28.775,1.371453801e-04,1.141738083e-04,nan,nan,nan,nan
2303,28.7875,1.354914510e-04,1.128090869e-04,nan,nan,nan,nan
2304,28.8,1.338547369e-04,1.114584286e-04,nan,nan,nan,nan
2305,28.8125,1.322350965e-04,1.101225972e-04,nan,nan,nan,nan
2306,28.825,1.306323887e-04,1.088013254e-04,nan,nan,nan,nan
2307,28.8375,1.290464735e-04,1.074937372e-04,nan,nan,nan,nan
2308,28.85,1.274772113e-04,1.061997208e-04,nan,nan,nan,nan
2309,28.8625,1.259244632e-04,1.049191647e-04,nan,nan,nan,nan
2310,28.875,1.243880910e-04,1.036519577e-04,nan,nan,nan,nan
2311,28.8875,1.228679574e-04,1.023979896e-04,nan,nan,nan,nan
2312,28.9,1.213639255e-04,1.011571505e-04,nan,nan,nan,nan
2313,28.9125,1.198758592e-04,9.992933091e-05,nan,nan,nan,nan
2314,28.925,1.184036231e-04,9.871442219e-05,nan,nan,nan,nan
2315,28.9375,1.169470826e-04,9.751231604e-05,nan,nan,nan,nan
2316,28.95,1.155061036e-04,9.632290476e-05,nan,nan,nan,nan
2317,28.9625,1.140805528e-04,9.514608120e-05,nan,nan,nan,nan
2318,28.975,1.126702977e-04,9.398173875e-05,nan,nan,nan,nan
2319,28.9875,1.112752063e-04,9.282977136e-05,nan,nan,nan,nan
2320,29,1.098951476e-04,9.169007354e-05,nan,nan,nan,nan
2321,29.0125,1.085299909e-04,9.056254037e-05,nan,nan,nan,nan
2322,29.025,1.071796067e-04,8.944706747e-05,nan,nan,nan,nan
2323,29.0375,1.058438657e-04,8.834355101e-05,nan,nan,nan,nan
2324,29.05,1.045226398e-04,8.725188773e-05,nan,nan,nan,nan
2325,29.0625,1.032158013e-04,8.617197494e-05,nan,nan,nan,nan
2326,29.075,1.019232234e-04,8.510371050e-05,nan,nan,nan,nan
2327,29.0875,1.006447797e-04,8.404699287e-05,nan,nan,nan,nan
2328,29.1,9.938034503e-05,8.300172103e-05,nan,nan,nan,nan
2329,29.1125,9.812979450e-05,8.196779456e-05,nan,nan,nan,nan
2330,29.125,9.689377700e-05,8.094511357e-05,nan,nan,nan,nan
2331,29.1375,9.567230484e-05,7.993357879e-05,nan,nan,nan,nan
2332,29.15,9.446430435e-05,7.893309148e-05,nan,nan,nan,nan
2333,29.1625,9.326965443e-05,7.794355350e-05,nan,nan,nan,nan
2334,29.175,9.208823467e-05,7.696486725e-05,nan,nan,nan,nan
2335,29.1875,9.091992538e-05,7.599693573e-05,nan,nan,nan,nan
2336,29.2,8.976460763e-05,7.503966249e-05,nan,nan,nan,nan
2337,29.2125,8.862216317e-05,7.409295165e-05,nan,nan,nan,nan
2338,29.225,8.749247449e-05,7.315670795e-05,nan,nan,nan,nan
2339,29.2375,8.637542478e-05,7.223083665e-05,nan,nan,nan,nan
2340,29.25,8.527089797e-05,7.131524362e-05,nan,nan,nan,nan
2341,29.2625,8.417877871e-05,7.040983527e-05,nan,nan,nan,nan
2342,29.275,8.309895236e-05,6.951451863e-05,nan,nan,nan,nan
2343,29.2875,8.203130501e-05,6.862920125e-05,nan,nan,nan,nan
2344,29.3,8.097572346e-05,6.775379132e-05,nan,nan,nan,nan
2345,29.3125,7.993209525e-05,6.688819754e-05,nan,nan,nan,nan
2346,29.325,7.890030863e-05,6.603232922e-05,nan,nan,nan,nan
2347,29.3375,7.788025257e-05,6.518609624e-05,nan,nan,nan,nan
2348,29.35,7.687181677e-05,6.434940906e-05,nan,nan,nan,nan
2349,29.3625,7.587489163e-05,6.352217871e-05,nan,nan,nan,nan
2350,29.375,7.488936830e-05,6.270431679e-05,nan,nan,nan,nan
2351,29.3875,7.391513861e-05,6.189618112e-05,nan,nan,nan,nan
2352,29.4,7.295209515e-05,6.109770040e-05,nan,nan,nan,nan
2353,29.4125,7.200013121e-05,6.030830297e-05,nan,nan,nan,nan
2354,29.425,7.105914079e-05,5.952790311e-05,nan,nan,nan,nan
2355,29.4375,7.012901862e-05,5.875641571e-05,nan,nan,nan,nan
2356,29.45,6.920966012e-05,5.799375618e-05,nan,nan,nan,nan
2357,29.4625,6.830096146e-05,5.723984051e-05,nan,nan,nan,nan
2358,29.475,6.740281950e-05,5.649458527e-05,nan,nan,nan,nan
2359,29.4875,6.651513183e-05,5.575790757e-05,nan,nan,nan,nan
2360,29.5,6.563779674e-05,5.502972511e-05,nan,nan,nan,nan
2361,29.5125,6.477071324e-05,5.430995616e-05,nan,nan,nan,nan
2362,29.525,6.391378103e-05,5.359851951e-05,nan,nan,nan,nan
2363,29.5375,6.306690053e-05,5.289533456e-05,nan,nan,nan,nan
2364,29.55,6.222997289e-05,5.220032123e-05,nan,nan,nan,nan
2365,29.5625,6.140289994e-05,5.151340002e-05,nan,nan,nan,nan
2366,29.575,6.058558420e-05,5.083449199e-05,nan,nan,nan,nan
2367,29.5875,5.977792893e-05,5.016351876e-05,nan,nan,nan,nan
2368,29.6,5.897983807e-05,4.950040249e-05,nan,nan,nan,nan
2369,29.6125,5.819187338e-05,4.884506593e-05,nan,nan,nan,nan
2370,29.625,5.741363002e-05,4.819743233e-05,nan,nan,nan,nan
2371,29.6375,5.664463999e-05,4.755742555e-05,nan,nan,nan,nan
2372,29.65,5.588481050e-05,4.692496996e-05,nan,nan,nan,nan
2373,29.6625,5.513404947e-05,4.629999052e-05,nan,nan,nan,nan
2374,29.675,5.439226548e-05,4.568241271e-05,nan,nan,nan,nan
2375,29.6875,5.365936781e-05,4.507216255e-05,nan,nan,nan,nan
2376,29.7,5.293526643e-05,4.446916664e-05,nan,nan,nan,nan
2377,29.7125,5.221987195e-05,4.387335211e-05,nan,nan,nan,nan
2378,29.725,5.151309570e-05,4.328464661e-05,nan,nan,nan,nan
2379,29.7375,5.081484966e-05,4.270297838e-05,nan,nan,nan,nan
2380,29.75,5.012504649e-05,4.212827616e-05,nan,nan,nan,nan
2381,29.7625,4.944359952e-05,4.156046925e-05,nan,nan,nan,nan
2382,29.775,4.877042277e-05,4.099948748e-05,nan,nan,nan,nan
2383,29.7875,4.810543090e-05,4.044526122e-05,nan,nan,nan,nan
2384,29.8,4.744853923e-05,3.989772137e-05,nan,nan,nan,nan
2385,29.8125,4.679966378e-05,3.935679937e-05,nan,nan,nan,nan
2386,29.825,4.615872119e-05,3.882242718e-05,nan,nan,nan,nan
2387,29.8375,4.552562880e-05,3.829453730e-05,nan,nan,nan,nan
2388,29.85,4.490030455e-05,3.777306277e-05,nan,nan,nan,nan
2389,29.8625,4.428266709e-05,3.725793712e-05,nan,nan,nan,nan
2390,29.875,4.367263567e-05,3.674909442e-05,nan,nan,nan,nan
2391,29.8875,4.307013025e-05,3.624646926e-05,nan,nan,nan,nan
2392,29.9,4.247507138e-05,3.574999677e-05,nan,nan,nan,nan
2393,29.9125,4.188738029e-05,3.525961258e-05,nan,nan,nan,nan
2394,29.925,4.130697883e-05,3.477525284e-05,nan,nan,nan,nan
2395,29.9375,4.073378949e-05,3.429685421e-05,nan,nan,nan,nan
2396,29.95,4.016773541e-05,3.382435387e-05,nan,nan,nan,nan
2397,29.9625,3.960874036e-05,3.335807268e-05,nan,nan,nan,nan
2398,29.975,3.905672874e-05,3.289767207e-05,nan,nan,nan,nan
2399,29.9875,3.851162557e-05,3.244297077e-05,nan,nan,nan,nan
2400,30,3.797335651e-05,3.199390825e-05,nan,nan,nan,nan
2401,30.0125,3.744184781e-05,3.155042445e-05,nan,nan,nan,nan
2402,30.025,3.691702639e-05,3.111245981e-05,nan,nan,nan,nan
2403,30.0375,3.639881975e-05,3.067995529e-05,nan,nan,nan,nan
2404,30.05,3.588715604e-05,3.025285232e-05,nan,nan,nan,nan
2405,30.0625,3.538196398e-05,2.983109283e-05,nan,nan,nan,nan
2406,30.075,3.488317292e-05,2.941461925e-05,nan,nan,nan,nan
2407,30.0875,3.439071282e-05,2.900337447e-05,nan,nan,nan,nan
2408,30.1,3.390495519e-05,2.859730186e-05,nan,nan,nan,nan
2409,30.1125,3.342553109e-05,2.819634530e-05,nan,nan,nan,nan
2410,30.125,3.295221479e-05,2.780044913e-05,nan,nan,nan,nan
2411,30.1375,3.248493898e-05,2.740955817e-05,nan,nan,nan,nan
2412,30.15,3.202363689e-05,2.702361773e-05,nan,nan,nan,nan
2413,30.1625,3.156824238e-05,2.664257356e-05,nan,nan,nan,nan
2414,30.175,3.111868987e-05,2.626637189e-05,nan,nan,nan,nan
2415,30.1875,3.067491437e-05,2.589495944e-05,nan,nan,nan,nan
2416,30.2,3.023685146e-05,2.552828337e-05,nan,nan,nan,nan
2417,30.2125,2.980443729e-05,2.516629132e-05,nan,nan,nan,nan
2418,30.225,2.937760857e-05,2.480893139e-05,nan,nan,nan,nan
2419,30.2375,2.895630259e-05,2.445615212e-05,nan,nan,nan,nan
2420,30.25,2.854045721e-05,2.410790252e-05,nan,nan,nan,nan
2421,30.2625,2.813001082e-05,2.376413204e-05,nan,nan,nan,nan
2422,30.275,2.772490240e-05,2.342479060e-05,nan,nan,nan,nan
2423,30.2875,2.732507147e-05,2.308982857e-05,nan,nan,nan,nan
2424,30.3,2.693045810e-05,2.275919673e-05,nan,nan,nan,nan
2425,30.3125,2.654100291e-05,2.243284636e-05,nan,nan,nan,nan
2426,30.325,2.615664707e-05,2.211072912e-05,nan,nan,nan,nan
2427,30.3375,2.577733227e-05,2.179279716e-05,nan,nan,nan,nan
2428,30.35,2.540300077e-05,2.147900304e-05,nan,nan,nan,nan
2429,30.3625,2.503359535e-05,2.116929975e-05,nan,nan,nan,nan
2430,30.375,2.466905932e-05,2.086364074e-05,nan,nan,nan,nan
2431,30.3875,2.430933652e-05,2.056197985e-05,nan,nan,nan,nan
2432,30.4,2.395437132e-05,2.026427138e-05,nan,nan,nan,nan
2433,30.4125,2.360410860e-05,1.997047003e-05,nan,nan,nan,nan
2434,30.425,2.325849379e-05,1.968053093e-05,nan,nan,nan,nan
2435,30.4375,2.291747279e-05,1.939440963e-05,nan,nan,nan,nan
2436,30.45,2.258099207e-05,1.911206210e-05,nan,nan,nan,nan
2437,30.4625,2.224899857e-05,1.883344471e-05,nan,nan,nan,nan
2438,30.475,2.192143975e-05,1.855851427e-05,nan,nan,nan,nan
2439,30.4875,2.159826355e-05,1.828722796e-05,nan,nan,nan,nan
2440,30.5,2.127941846e-05,1.801954341e-05,nan,nan,nan,nan
2441,30.5125,2.096485342e-05,1.775541859e-05,nan,nan,nan,nan
2442,30.525,2.065451789e-05,1.749489624e-05,nan,nan,nan,nan
2443,30.5375,2.034836182e-05,1.723802601e-05,nan,nan,nan,nan
2444,30.55,2.004633565e-05,1.698458432e-05,nan,nan,nan,nan
2445,30.5625,1.974839026e-05,1.673453095e-05,nan,nan,nan,nan
2446,30.575,1.945447707e-05,1.648782601e-05,nan,nan,nan,nan
2447,30.5875,1.916478837e-05,1.624443003e-05,nan,nan,nan,nan
2448,30.6,1.887912304e-05,1.600430392e-05,nan,nan,nan,nan
2449,30.6125,1.859733711e-05,1.576740898e-05,nan,nan,nan,nan
2450,30.625,1.831938405e-05,1.553370687e-05,nan,nan,nan,nan
2451,30.6375,1.804521781e-05,1.530315964e-05,nan,nan,nan,nan
2452,30.65,1.777479281e-05,1.507572970e-05,nan,nan,nan,nan
2453,30.6625,1.750806393e-05,1.485137984e-05,nan,nan,nan,nan
2454,30.675,1.724498649e-05,1.463007321e-05,nan,nan,nan,nan
2455,30.6875,1.698551626e-05,1.441177334e-05,nan,nan,nan,nan
2456,30.7,1.672960945e-05,1.419644411e-05,nan,nan,nan,nan
2457,30.7125,1.647722272e-05,1.398404978e-05,nan,nan,nan,nan
2458,30.725,1.622831317e-05,1.377455494e-05,nan,nan,nan,nan
2459,30.7375,1.598283835e-05,1.356792454e-05,nan,nan,nan,nan
2460,30.75,1.574075622e-05,1.336412390e-05,nan,nan,nan,nan
2461,30.7625,1.550202519e-05,1.316311870e-05,nan,nan,nan,nan
2462,30.775,1.526660408e-05,1.296487493e-05,nan,nan,nan,nan
2463,30.7875,1.503445214e-05,1.276935897e-05,nan,nan,nan,nan
2464,30.8,1.480552905e-05,1.257653750e-05,nan,nan,nan,nan
2465,30.8125,1.457979489e-05,1.238637756e-05,nan,nan,nan,nan
2466,30.825,1.435721017e-05,1.219884653e-05,nan,nan,nan,nan
2467,30.8375,1.413773581e-05,1.201391214e-05,nan,nan,nan,nan
2468,30.85,1.392133313e-05,1.183154242e-05,nan,nan,nan,nan
2469,30.8625,1.370796386e-05,1.165170575e-05,nan,nan,nan,nan
2470,30.875,1.349759013e-05,1.147437084e-05,nan,nan,nan,nan
2471,30.8875,1.329017447e-05,1.129950672e-05,nan,nan,nan,nan
2472,30.9,1.308567982e-05,1.112708274e-05,nan,nan,nan,nan
2473,30.9125,1.288406949e-05,1.095706858e-05,nan,nan,nan,nan
2474,30.925,1.268530719e-05,1.078943424e-05,nan,nan,nan,nan
2475,30.9375,1.248935701e-05,1.062415002e-05,nan,nan,nan,nan
2476,30.95,1.229618344e-05,1.046118654e-05,nan,nan,nan,nan
2477,30.9625,1.210575134e-05,1.030051474e-05,nan,nan,nan,nan
2478,30.975,1.191802595e-05,1.014210586e-05,nan,nan,nan,nan
2479,30.9875,1.173297286e-05,9.985931447e-06,nan,nan,nan,nan
2480,31,1.155055808e-05,9.831963349e-06,nan,nan,nan,nan
2481,31.0125,1.137074795e-05,9.680173716e-06,nan,nan,nan,nan
2482,31.025,1.119350921e-05,9.530535001e-06,nan,nan,nan,nan
2483,31.0375,1.101880891e-05,9.383019957e-06,nan,nan,nan,nan
2484,31.05,1.084661451e-05,9.237601627e-06,nan,nan,nan,nan
2485,31.0625,1.067689379e-05,9.094253340e-06,nan,nan,nan,nan
2486,31.075,1.050971345e-05,8.952948714e-06,nan,nan,nan,nan
2487,31.0875,1.034502393e-05,8.813673354e-06,nan,nan,nan,nan
2488,31.1,1.018270794e-05,8.676509622e-06,nan,nan,nan,nan
2489,31.1125,1.002273478e-05,8.541308037e-06,nan,nan,nan,nan
2490,31.125,9.865074112e-06,8.408043444e-06,nan,nan,nan,nan
2491,31.1375,9.709695928e-06,8.276690957e-06,nan,nan,nan,nan
2492,31.15,9.556570556e-06,8.147225964e-06,nan,nan,nan,nan
2493,31.1625,9.405668661e-06,8.019624126e-06,nan,nan,nan,nan
2494,31.175,9.256961230e-06,7.893861380e-06,nan,nan,nan,nan
2495,31.1875,9.110419572e-06,7.769913927e-06,nan,nan,nan,nan
2496,31.2,8.966015317e-06,7.647758234e-06,nan,nan,nan,nan
2497,31.2125,8.823720421e-06,7.527371023e-06,nan,nan,nan,nan
2498,31.225,8.683507155e-06,7.408729277e-06,nan,nan,nan,nan
2499,31.2375,8.545348104e-06,7.291810238e-06,nan,nan,nan,nan
2500,31.25,8.409216165e-06,7.176591405e-06,nan,nan,nan,nan
2501,31.2625,8.275084540e-06,7.063050527e-06,nan,nan,nan,nan
2502,31.275,8.142926742e-06,6.951165608e-06,nan,nan,nan,nan
2503,31.2875,8.012716587e-06,6.840914898e-06,nan,nan,nan,nan
2504,31.3,7.884428192e-06,6.732276896e-06,nan,nan,nan,nan
2505,31.3125,7.758035965e-06,6.625230348e-06,nan,nan,nan,nan
2506,31.325,7.633514612e-06,6.519754236e-06,nan,nan,nan,nan
2507,31.3375,7.510839132e-06,6.415827782e-06,nan,nan,nan,nan
2508,31.35,7.389984816e-06,6.313430445e-06,nan,nan,nan,nan
2509,31.3625,7.270927245e-06,6.212541924e-06,nan,nan,nan,nan
2510,31.375,7.153642277e-06,6.113142155e-06,nan,nan,nan,nan
2511,31.3875,7.038106049e-06,6.015211302e-06,nan,nan,nan,nan
2512,31.4,6.924294977e-06,5.918729755e-06,nan,nan,nan,nan
2513,31.4125,6.812185764e-06,5.823678125e-06,nan,nan,nan,nan
2514,31.425,6.701755386e-06,5.730037254e-06,nan,nan,nan,nan
2515,31.4375,6.592981093e-06,5.637788214e-06,nan,nan,nan,nan
2516,31.45,6.485840392e-06,5.546912301e-06,nan,nan,nan,nan
2517,31.4625,6.380311054e-06,5.457391027e-06,nan,nan,nan,nan
2518,31.475,6.276371117e-06,5.369206111e-06,nan,nan,nan,nan
2519,31.4875,6.173998886e-06,5.282339483e-06,nan,nan,nan,nan
2520,31.5,6.073172930e-06,5.196773292e-06,nan,nan,nan,nan
2521,31.5125,5.973872073e-06,5.112489904e-06,nan,nan,nan,nan
2522,31.525,5.876075380e-06,5.029471898e-06,nan,nan,nan,nan
2523,31.5375,5.779762165e-06,4.947702056e-06,nan,nan,nan,nan
2524,31.55,5.684911999e-06,4.867163357e-06,nan,nan,nan,nan
2525,31.5625,5.591521529e-06,4.787838977e-06,nan,nan,nan,nan
2526,31.575,5.499632403e-06,4.709712300e-06,nan,nan,nan,nan
2527,31.5875,5.409143371e-06,4.632766918e-06,nan,nan,nan,nan
2528,31.6,5.320035044e-06,4.556986623e-06,nan,nan,nan,nan
2529,31.6125,5.232288265e-06,4.482355393e-06,nan,nan,nan,nan
2530,31.625,5.145884114e-06,4.408857396e-06,nan,nan,nan,nan
2531,31.6375,5.060803914e-06,4.336476986e-06,nan,nan,nan,nan
2532,31.65,4.977029213e-06,4.265199704e-06,nan,nan,nan,nan
2533,31.6625,4.894541787e-06,4.195072178e-06,nan,nan,nan,nan
2534,31.675,4.813323622e-06,4.126014365e-06,nan,nan,nan,nan
2535,31.6875,4.733356927e-06,4.058011422e-06,nan,nan,nan,nan
2536,31.7,4.654624135e-06,3.991048682e-06,nan,nan,nan,nan
2537,31.7125,4.577107901e-06,3.925111656e-06,nan,nan,nan,nan
2538,31.725,4.500791101e-06,3.860186037e-06,nan,nan,nan,nan
2539,31.7375,4.425656816e-06,3.796257701e-06,nan,nan,nan,nan
2540,31.75,4.351688334e-06,3.733312699e-06,nan,nan,nan,nan
2541,31.7625,4.278869150e-06,3.671337246e-06,nan,nan,nan,nan
2542,31.775,4.207182970e-06,3.610317729e-06,nan,nan,nan,nan
2543,31.7875,4.136613704e-06,3.550240700e-06,nan,nan,nan,nan
2544,31.8,4.067145465e-06,3.491092880e-06,nan,nan,nan,nan
2545,31.8125,3.998762566e-06,3.432861158e-06,nan,nan,nan,nan
2546,31.825,3.931449515e-06,3.375532585e-06,nan,nan,nan,nan
2547,31.8375,3.865191018e-06,3.319094376e-06,nan,nan,nan,nan
2548,31.85,3.799971978e-06,3.263533905e-06,nan,nan,nan,nan
2549,31.8625,3.735777486e-06,3.208838704e-06,nan,nan,nan,nan
2550,31.875,3.672592820e-06,3.154996463e-06,nan,nan,nan,nan
2551,31.8875,3.610403448e-06,3.101995027e-06,nan,nan,nan,nan
2552,31.9,3.549195025e-06,3.049822392e-06,nan,nan,nan,nan
2553,31.9125,3.488953390e-06,2.998466706e-06,nan,nan,nan,nan
2554,31.925,3.429664566e-06,2.947916270e-06,nan,nan,nan,nan
2555,31.9375,3.371314750e-06,2.898159536e-06,nan,nan,nan,nan
2556,31.95,3.313890313e-06,2.849185099e-06,nan,nan,nan,nan
2557,31.9625,3.257377806e-06,2.800981699e-06,nan,nan,nan,nan
2558,31.975,3.201763963e-06,2.753538217e-06,nan,nan,nan,nan
2559,31.9875,3.147035687e-06,2.706843680e-06,nan,nan,nan,nan
2560,32,3.093180051e-06,2.660887262e-06,nan,nan,nan,nan
2561,32.0125,3.040184288e-06,2.615658278e-06,nan,nan,nan,nan
2562,32.025,2.988035797e-06,2.571146177e-06,nan,nan,nan,nan
2563,32.0375,2.936722141e-06,2.527340536e-06,nan,nan,nan,nan
2564,32.05,2.886231057e-06,2.484231066e-06,nan,nan,nan,nan
2565,32.0625,2.836579543e-06,2.441807616e-06,nan,nan,nan,nan
2566,32.075,2.787745083e-06,2.400060175e-06,nan,nan,nan,nan
2567,32.0875,2.739695694e-06,2.358978861e-06,nan,nan,nan,nan
2568,32.1,2.692419779e-06,2.318553920e-06,nan,nan,nan,nan
2569,32.1125,2.645905891e-06,2.278775718e-06,nan,nan,nan,nan
2570,32.125,2.600142746e-06,2.239634746e-06,nan,nan,nan,nan
2571,32.1375,2.555119211e-06,2.201121626e-06,nan,nan,nan,nan
2572,32.15,2.510824295e-06,2.163227108e-06,nan,nan,nan,nan
2573,32.1625,2.467247146e-06,2.125942064e-06,nan,nan,nan,nan
2574,32.175,2.424377059e-06,2.089257483e-06,nan,nan,nan,nan
2575,32.1875,2.382203475e-06,2.053164466e-06,nan,nan,nan,nan
2576,32.2,2.340715983e-06,2.017654236e-06,nan,nan,nan,nan
2577,32.2125,2.299904309e-06,1.982719708e-06,nan,nan,nan,nan
2578,32.225,2.259758314e-06,1.948378897e-06,nan,nan,nan,nan
2579,32.2375,2.220267991e-06,1.914594221e-06,nan,nan,nan,nan
2580,32.25,2.181423473e-06,1.881357387e-06,nan,nan,nan,nan
2581,32.2625,2.143215026e-06,1.848660212e-06,nan,nan,nan,nan
2582,32.275,2.105633053e-06,1.816494625e-06,nan,nan,nan,nan
2583,32.2875,2.068668085e-06,1.784852666e-06,nan,nan,nan,nan
2584,32.3,2.032310777e-06,1.753726485e-06,nan,nan,nan,nan
2585,32.3125,1.996551910e-06,1.723108333e-06,nan,nan,nan,nan
2586,32.325,1.961382397e-06,1.692990564e-06,nan,nan,nan,nan
2587,32.3375,1.926793273e-06,1.663365633e-06,nan,nan,nan,nan
2588,32.35,1.892775701e-06,1.634226104e-06,nan,nan,nan,nan
2589,32.3625,1.859320958e-06,1.605564643e-06,nan,nan,nan,nan
2590,32.375,1.826420441e-06,1.577374014e-06,nan,nan,nan,nan
2591,32.3875,1.794065666e-06,1.549647078e-06,nan,nan,nan,nan
2592,32.4,1.762248270e-06,1.522376788e-06,nan,nan,nan,nan
2593,32.4125,1.730960010e-06,1.495556199e-06,nan,nan,nan,nan
2594,32.425,1.700192753e-06,1.469178466e-06,nan,nan,nan,nan
2595,32.4375,1.669938474e-06,1.443236839e-06,nan,nan,nan,nan
2596,32.45,1.640189260e-06,1.417724657e-06,nan,nan,nan,nan
2597,32.4625,1.610937309e-06,1.392635346e-06,nan,nan,nan,nan
2598,32.475,1.582174936e-06,1.367962423e-06,nan,nan,nan,nan
2599,32.4875,1.553894560e-06,1.343699496e-06,nan,nan,nan,nan
2600,32.5,1.526088703e-06,1.319840267e-06,nan,nan,nan,nan
2601,32.5125,1.498749990e-06,1.296378527e-06,nan,nan,nan,nan
2602,32.525,1.471871151e-06,1.273308149e-06,nan,nan,nan,nan
2603,32.5375,1.445445025e-06,1.250623089e-06,nan,nan,nan,nan
2604,32.55,1.419464552e-06,1.228317387e-06,nan,nan,nan,nan
2605,32.5625,1.393941207e-06,1.206385172e-06,nan,nan,nan,nan
2606,32.575,1.368854391e-06,1.184820657e-06,nan,nan,nan,nan
2607,32.5875,1.344191778e-06,1.163618134e-06,nan,nan,nan,nan
2608,32.6,1.319946716e-06,1.142771970e-06,nan,nan,nan,nan
2609,32.6125,1.296112657e-06,1.122276612e-06,nan,nan,nan,nan
2610,32.625,1.272683141e-06,1.102126588e-06,nan,nan,nan,nan
2611,32.6375,1.249651802e-06,1.082316505e-06,nan,nan,nan,nan
2612,32.65,1.227012355e-06,1.062841050e-06,nan,nan,nan,nan
2613,32.6625,1.204758608e-06,1.043694981e-06,nan,nan,nan,nan
2614,32.675,1.182884460e-06,1.024873127e-06,nan,nan,nan,nan
2615,32.6875,1.161383905e-06,1.006370392e-06,nan,nan,nan,nan
2616,32.7,1.140251023e-06,9.881817569e-07,nan,nan,nan,nan
2617,32.7125,1.119479973e-06,9.703022754e-07,nan,nan,nan,nan
2618,32.725,1.099064998e-06,9.527270720e-07,nan,nan,nan,nan
2619,32.7375,1.079000420e-06,9.354513374e-07,nan,nan,nan,nan
2620,32.75,1.059280651e-06,9.184703291e-07,nan,nan,nan,nan
2621,32.7625,1.039900187e-06,9.017793751e-07,nan,nan,nan,nan
2622,32.775,1.020853600e-06,8.853759290e-07,nan,nan,nan,nan
2623,32.7875,1.002135541e-06,8.692645815e-07,nan,nan,nan,nan
2624,32.8,9.837407364e-07,8.534291982e-07,nan,nan,nan,nan
2625,32.8125,9.656639950e-07,8.378653826e-07,nan,nan,nan,nan
2626,32.825,9.479002010e-07,8.225688045e-07,nan,nan,nan,nan
2627,32.8375,9.304443157e-07,8.075351988e-07,nan,nan,nan,nan
2628,32.85,9.132913670e-07,7.927603640e-07,nan,nan,nan,nan
2629,32.8625,8.964364582e-07,7.782401577e-07,nan,nan,nan,nan
2630,32.875,8.798747649e-07,7.639704929e-07,nan,nan,nan,nan
2631,32.8875,8.636015393e-07,7.499473436e-07,nan,nan,nan,nan
2632,32.9,8.476121059e-07,7.361667449e-07,nan,nan,nan,nan
2633,32.9125,8.319018528e-07,7.226247953e-07,nan,nan,nan,nan
2634,32.925,8.164662343e-07,7.093176503e-07,nan,nan,nan,nan
2635,32.9375,8.013007709e-07,6.962415182e-07,nan,nan,nan,nan
2636,32.95,7.864010563e-07,6.833926588e-07,nan,nan,nan,nan
2637,32.9625,7.717627525e-07,6.707673877e-07,nan,nan,nan,nan
2638,32.975,7.573815874e-07,6.583620814e-07,nan,nan,nan,nan
2639,32.9875,7.432533456e-07,6.461731739e-07,nan,nan,nan,nan
2640,33,7.293738712e-07,6.341971496e-07,nan,nan,nan,nan
2641,33.0125,7.157390718e-07,6.224305400e-07,nan,nan,nan,nan
2642,33.025,7.023449256e-07,6.108699240e-07,nan,nan,nan,nan
2643,33.0375,6.891874737e-07,5.995119333e-07,nan,nan,nan,nan
2644,33.05,6.762628165e-07,5.883532585e-07,nan,nan,nan,nan
2645,33.0625,6.635747339e-07,5.773906434e-07,nan,nan,nan,nan
2646,33.075,6.511151158e-07,5.666208766e-07,nan,nan,nan,nan
2647,33.0875,6.388764955e-07,5.560407883e-07,nan,nan,nan,nan
2648,33.1,6.268552163e-07,5.456472518e-07,nan,nan,nan,nan
2649,33.1125,6.150476792e-07,5.354371928e-07,nan,nan,nan,nan
2650,33.125,6.034503378e-07,5.254075903e-07,nan,nan,nan,nan
2651,33.1375,5.920596931e-07,5.155554737e-07,nan,nan,nan,nan
2652,33.15,5.808722935e-07,5.058779122e-07,nan,nan,nan,nan
2653,33.1625,5.698847441e-07,4.963720134e-07,nan,nan,nan,nan
2654,33.175,5.590937075e-07,4.870349244e-07,nan,nan,nan,nan
2655,33.1875,5.484959030e-07,4.778638379e-07,nan,nan,nan,nan
2656,33.2,5.380880962e-07,4.688559987e-07,nan,nan,nan,nan
2657,33.2125,5.278670989e-07,4.600086938e-07,nan,nan,nan,nan
2658,33.225,5.178297709e-07,4.513192522e-07,nan,nan,nan,nan
2659,33.2375,5.079730212e-07,4.427850368e-07,nan,nan,nan,nan
2660,33.25,4.982938108e-07,4.344034508e-07,nan,nan,nan,nan
2661,33.2625,4.887891479e-07,4.261719389e-07,nan,nan,nan,nan
2662,33.275,4.794560851e-07,4.180879875e-07,nan,nan,nan,nan
2663,33.2875,4.702917192e-07,4.101491236e-07,nan,nan,nan,nan
2664,33.3,4.612931921e-07,4.023529100e-07,nan,nan,nan,nan
2665,33.3125,4.524576930e-07,3.946969446e-07,nan,nan,nan,nan
2666,33.325,4.437824558e-07,3.871788632e-07,nan,nan,nan,nan
2667,33.3375,4.352647569e-07,3.797979359e-07,nan,nan,nan,nan
2668,33.35,4.269019144e-07,3.725543428e-07,nan,nan,nan,nan
2669,33.3625,4.186912883e-07,3.654415495e-07,nan,nan,nan,nan
2670,33.375,4.106302817e-07,3.584573433e-07,nan,nan,nan,nan
2671,33.3875,4.027163390e-07,3.515995464e-07,nan,nan,nan,nan
2672,33.4,3.949469424e-07,3.448660149e-07,nan,nan,nan,nan
2673,33.4125,3.873196147e-07,3.382546386e-07,nan,nan,nan,nan
2674,33.425,3.798319174e-07,3.317633379e-07,nan,nan,nan,nan
2675,33.4375,3.724814523e-07,3.253900672e-07,nan,nan,nan,nan
2676,33.45,3.652658636e-07,3.191328137e-07,nan,nan,nan,nan
2677,33.4625,3.581828280e-07,3.129895977e-07,nan,nan,nan,nan
2678,33.475,3.512300572e-07,3.069584735e-07,nan,nan,nan,nan
2679,33.4875,3.444052979e-07,3.010375216e-07,nan,nan,nan,nan
2680,33.5,3.377063357e-07,2.952248500e-07,nan,nan,nan,nan
2681,33.5125,3.311309969e-07,2.895185967e-07,nan,nan,nan,nan
2682,33.525,3.246771439e-07,2.839169333e-07,nan,nan,nan,nan
2683,33.5375,3.183426685e-07,2.784180646e-07,nan,nan,nan,nan
2684,33.55,3.121254909e-07,2.730202241e-07,nan,nan,nan,nan
2685,33.5625,3.060249270e-07,2.677216681e-07,nan,nan,nan,nan
2686,33.575,3.000412818e-07,2.625206780e-07,nan,nan,nan,nan
2687,33.5875,2.941687109e-07,2.574155599e-07,nan,nan,nan,nan
2688,33.6,2.884052805e-07,2.524046547e-07,nan,nan,nan,nan
2689,33.6125,2.827490825e-07,2.474863335e-07,nan,nan,nan,nan
2690,33.625,2.771982350e-07,2.426589925e-07,nan,nan,nan,nan
2691,33.6375,2.717508875e-07,2.379210481e-07,nan,nan,nan,nan
2692,33.65,2.664052278e-07,2.332709390e-07,nan,nan,nan,nan
2693,33.6625,2.611594761e-07,2.287071322e-07,nan,nan,nan,nan
2694,33.675,2.560118828e-07,2.242281238e-07,nan,nan,nan,nan
2695,33.6875,2.509607153e-07,2.198324389e-07,nan,nan,nan,nan
2696,33.7,2.460042668e-07,2.155186218e-07,nan,nan,nan,nan
2697,33.7125,2.411408590e-07,2.112852358e-07,nan,nan,nan,nan
2698,33.725,2.363688505e-07,2.071308617e-07,nan,nan,nan,nan
2699,33.7375,2.316866317e-07,2.030541091e-07,nan,nan,nan,nan
2700,33.75,2.270926177e-07,1.990536165e-07,nan,nan,nan,nan
2701,33.7625,2.225852409e-07,1.951280482e-07,nan,nan,nan,nan
2702,33.775,2.181629569e-07,1.912760862e-07,nan,nan,nan,nan
2703,33.7875,2.138242478e-07,1.874964289e-07,nan,nan,nan,nan
2704,33.8,2.095676271e-07,1.837877923e-07,nan,nan,nan,nan
2705,33.8125,2.053916376e-07,1.801489179e-07,nan,nan,nan,nan
2706,33.825,2.012948429e-07,1.765785729e-07,nan,nan,nan,nan
2707,33.8375,1.972758241e-07,1.730755462e-07,nan,nan,nan,nan
2708,33.85,1.933331850e-07,1.696386429e-07,nan,nan,nan,nan
2709,33.8625,1.894655565e-07,1.662666839e-07,nan,nan,nan,nan
2710,33.875,1.856715963e-07,1.629585081e-07,nan,nan,nan,nan
2711,33.8875,1.819499844e-07,1.597129797e-07,nan,nan,nan,nan
2712,33.9,1.782994192e-07,1.565298440e-07,nan,nan,nan,nan
2713,33.9125,1.747186189e-07,1.534086039e-07,nan,nan,nan,nan
2714,33.925,1.712063246e-07,1.503466243e-07,nan,nan,nan,nan
2715,33.9375,1.677613000e-07,1.473428408e-07,nan,nan,nan,nan
2716,33.95,1.643823328e-07,1.443962089e-07,nan,nan,nan,nan
2717,33.9625,1.610682278e-07,1.415057045e-07,nan,nan,nan,nan
2718,33.975,1.578178092e-07,1.386703236e-07,nan,nan,nan,nan
2719,33.9875,1.546299179e-07,1.358890752e-07,nan,nan,nan,nan
2720,34,1.515034210e-07,1.331609815e-07,nan,nan,nan,nan
2721,34.0125,1.484372047e-07,1.304850819e-07,nan,nan,nan,nan
2722,34.025,1.454301722e-07,1.278604348e-07,nan,nan,nan,nan
2723,34.0375,1.424812428e-07,1.252861152e-07,nan,nan,nan,nan
2724,34.05,1.395893539e-07,1.227612154e-07,nan,nan,nan,nan
2725,34.0625,1.367534615e-07,1.202848380e-07,nan,nan,nan,nan
2726,34.075,1.339734080e-07,1.178561014e-07,nan,nan,nan,nan
2727,34.0875,1.312486276e-07,1.154741384e-07,nan,nan,nan,nan
2728,34.1,1.285767428e-07,1.131381021e-07,nan,nan,nan,nan
2729,34.1125,1.259567793e-07,1.108471592e-07,nan,nan,nan,nan
2730,34.125,1.233877790e-07,1.086004884e-07,nan,nan,nan,nan
2731,34.1375,1.208688033e-07,1.063972789e-07,nan,nan,nan,nan
2732,34.15,1.183989367e-07,1.042367321e-07,nan,nan,nan,nan
2733,34.1625,1.159772783e-07,1.021180682e-07,nan,nan,nan,nan
2734,34.175,1.136029402e-07,1.000405226e-07,nan,nan,nan,nan
2735,34.1875,1.112750447e-07,9.800334468e-08,nan,nan,nan,nan
2736,34.2,1.089927287e-07,9.600579446e-08,nan,nan,nan,nan
2737,34.2125,1.067551494e-07,9.404714130e-08,nan,nan,nan,nan
2738,34.225,1.045614811e-07,9.212666716e-08,nan,nan,nan,nan
2739,34.2375,1.024109090e-07,9.024366945e-08,nan,nan,nan,nan
2740,34.25,1.003026346e-07,8.839745852e-08,nan,nan,nan,nan
2741,34.2625,9.823586590e-08,8.658735602e-08,nan,nan,nan,nan
2742,34.275,9.620983133e-08,8.481269296e-08,nan,nan,nan,nan
2743,34.2875,9.422377301e-08,8.307281348e-08,nan,nan,nan,nan
2744,34.3,9.227694495e-08,8.136707288e-08,nan,nan,nan,nan
2745,34.3125,9.036861335e-08,7.969483894e-08,nan,nan,nan,nan
2746,34.325,8.849805634e-08,7.805548991e-08,nan,nan,nan,nan
2747,34.3375,8.666456589e-08,7.644841158e-08,nan,nan,nan,nan
2748,34.35,8.486745100e-08,7.487300275e-08,nan,nan,nan,nan
2749,34.3625,8.310603105e-08,7.332867424e-08,nan,nan,nan,nan
2750,34.375,8.137963439e-08,7.181485119e-08,nan,nan,nan,nan
2751,34.3875,7.968759765e-08,7.033096526e-08,nan,nan,nan,nan
2752,34.4,7.802927019e-08,6.887645384e-08,nan,nan,nan,nan
2753,34.4125,7.640401551e-08,6.745076127e-08,nan,nan,nan,nan
2754,34.425,7.481121746e-08,6.605334443e-08,nan,nan,nan,nan
2755,34.4375,7.325026613e-08,6.468367604e-08,nan,nan,nan,nan
2756,34.45,7.172055745e-08,6.334124168e-08,nan,nan,nan,nan
2757,34.4625,7.022149159e-08,6.202557683e-08,nan,nan,nan,nan
2758,34.475,6.875248262e-08,6.073699074e-08,nan,nan,nan,nan
2759,34.4875,6.731296425e-08,5.947408201e-08,nan,nan,nan,nan
2760,34.5,6.590238375e-08,5.823636380e-08,nan,nan,nan,nan
2761,34.5125,6.452019502e-08,5.702336621e-08,nan,nan,nan,nan
2762,34.525,6.316585291e-08,5.583463016e-08,nan,nan,nan,nan
2763,34.5375,6.183881710e-08,5.466970067e-08,nan,nan,nan,nan
2764,34.55,6.053856093e-08,5.352812046e-08,nan,nan,nan,nan
2765,34.5625,5.926457736e-08,5.240943703e-08,nan,nan,nan,nan
2766,34.575,5.801637386e-08,5.131321184e-08,nan,nan,nan,nan
2767,34.5875,5.679346202e-08,5.023902438e-08,nan,nan,nan,nan
2768,34.6,5.559546716e-08,4.918646710e-08,nan,nan,nan,nan
2769,34.6125,5.442251483e-08,4.815513200e-08,nan,nan,nan,nan
2770,34.625,5.327336808e-08,4.714460784e-08,nan,nan,nan,nan
2771,34.6375,5.214757177e-08,4.615448700e-08,nan,nan,nan,nan
2772,34.65,5.104468653e-08,4.518437672e-08,nan,nan,nan,nan
2773,34.6625,4.996427682e-08,4.423389874e-08,nan,nan,nan,nan
2774,34.675,4.890590403e-08,4.330268766e-08,nan,nan,nan,nan
2775,34.6875,4.786913402e-08,4.239037743e-08,nan,nan,nan,nan
2776,34.7,4.685354642e-08,4.149660050e-08,nan,nan,nan,nan
2777,34.7125,4.585873418e-08,4.062099328e-08,nan,nan,nan,nan
2778,34.725,4.488430317e-08,3.976320202e-08,nan,nan,nan,nan
2779,34.7375,4.392985879e-08,3.892288809e-08,nan,nan,nan,nan
2780,34.75,4.299501072e-08,3.809972246e-08,nan,nan,nan,nan
2781,34.7625,4.207937292e-08,3.729337621e-08,nan,nan,nan,nan
2782,34.775,4.118257018e-08,3.650352052e-08,nan,nan,nan,nan
2783,34.7875,4.030423910e-08,3.572983252e-08,nan,nan,nan,nan
2784,34.8,3.944402369e-08,3.497199834e-08,nan,nan,nan,nan
2785,34.8125,3.860157078e-08,3.422971452e-08,nan,nan,nan,nan
2786,34.825,3.777652993e-08,3.350268206e-08,nan,nan,nan,nan
2787,34.8375,3.696855816e-08,3.279060556e-08,nan,nan,nan,nan
2788,34.85,3.617732105e-08,3.209318998e-08,nan,nan,nan,nan
2789,34.8625,3.540249353e-08,3.141015007e-08,nan,nan,nan,nan
2790,34.875,3.464375435e-08,3.074120463e-08,nan,nan,nan,nan
2791,34.8875,3.390078812e-08,3.008608160e-08,nan,nan,nan,nan
2792,34.9,3.317328238e-08,2.944451187e-08,nan,nan,nan,nan
2793,34.9125,3.246093522e-08,2.881623106e-08,nan,nan,nan,nan
2794,34.925,3.176344799e-08,2.820097955e-08,nan,nan,nan,nan
2795,34.9375,3.108052748e-08,2.759850282e-08,nan,nan,nan,nan
2796,34.95,3.041188280e-08,2.700855129e-08,nan,nan,nan,nan
2797,34.9625,2.975723221e-08,2.643087816e-08,nan,nan,nan,nan
2798,34.975,2.911629861e-08,2.586523950e-08,nan,nan,nan,nan
2799,34.9875,2.848881481e-08,2.531139717e-08,nan,nan,nan,nan
2800,35,2.787451569e-08,2.476912160e-08,nan,nan,nan,nan
2801,35.0125,2.727313942e-08,2.423818827e-08,nan,nan,nan,nan
2802,35.025,2.668442342e-08,2.371837703e-08,nan,nan,nan,nan
2803,35.0375,2.610811556e-08,2.320946528e-08,nan,nan,nan,nan
2804,35.05,2.554397049e-08,2.271123478e-08,nan,nan,nan,nan
2805,35.0625,2.499175035e-08,2.222347225e-08,nan,nan,nan,nan
2806,35.075,2.445121953e-08,2.174597192e-08,nan,nan,nan,nan
2807,35.0875,2.392214086e-08,2.127863062e-08,nan,nan,nan,nan
2808,35.1,2.340428148e-08,2.082129568e-08,nan,nan,nan,nan
2809,35.1125,2.289741674e-08,2.037361493e-08,nan,nan,nan,nan
2810,35.125,2.240132998e-08,1.993539223e-08,nan,nan,nan,nan
2811,35.1375,2.191580914e-08,1.950643950e-08,nan,nan,nan,nan
2812,35.15,2.144064206e-08,1.908657502e-08,nan,nan,nan,nan
2813,35.1625,2.097561816e-08,1.867562201e-08,nan,nan,nan,nan
2814,35.175,2.052052857e-08,1.827340244e-08,nan,nan,nan,nan
2815,35.1875,2.007517571e-08,1.787973873e-08,nan,nan,nan,nan
2816,35.2,1.963936818e-08,1.749445847e-08,nan,nan,nan,nan
2817,35.2125,1.921291601e-08,1.711739522e-08,nan,nan,nan,nan
2818,35.225,1.879563020e-08,1.674838902e-08,nan,nan,nan,nan
2819,35.2375,1.838731912e-08,1.638728096e-08,nan,nan,nan,nan
2820,35.25,1.798779928e-08,1.603391008e-08,nan,nan,nan,nan
2821,35.2625,1.759689557e-08,1.568811577e-08,nan,nan,nan,nan
2822,35.275,1.721443771e-08,1.534974550e-08,nan,nan,nan,nan
2823,35.2875,1.684025834e-08,1.501865303e-08,nan,nan,nan,nan
2824,35.3,1.647418598e-08,1.469469782e-08,nan,nan,nan,nan
2825,35.3125,1.611605235e-08,1.437773670e-08,nan,nan,nan,nan
2826,35.325,1.576569316e-08,1.406762617e-08,nan,nan,nan,nan
2827,35.3375,1.542295565e-08,1.376422324e-08,nan,nan,nan,nan
2828,35.35,1.508770714e-08,1.346739294e-08,nan,nan,nan,nan
2829,35.3625,1.475978713e-08,1.317700682e-08,nan,nan,nan,nan
2830,35.375,1.443902102e-08,1.289293920e-08,nan,nan,nan,nan
2831,35.3875,1.412526129e-08,1.261506074e-08,nan,nan,nan,nan
2832,35.4,1.381836500e-08,1.234324170e-08,nan,nan,nan,nan
2833,35.4125,1.351819638e-08,1.207735581e-08,nan,nan,nan,nan
2834,35.425,1.322461999e-08,1.181728503e-08,nan,nan,nan,nan
2835,35.4375,1.293750017e-08,1.156291669e-08,nan,nan,nan,nan
2836,35.45,1.265671288e-08,1.131413879e-08,nan,nan,nan,nan
2837,35.4625,1.238214524e-08,1.107083556e-08,nan,nan,nan,nan
2838,35.475,1.211364948e-08,1.083289070e-08,nan,nan,nan,nan
2839,35.4875,1.185110635e-08,1.060019160e-08,nan,nan,nan,nan
2840,35.5,1.159439344e-08,1.037263598e-08,nan,nan,nan,nan
2841,35.5125,1.134338958e-08,1.015012317e-08,nan,nan,nan,nan
2842,35.525,1.109797034e-08,9.932554117e-09,nan,nan,nan,nan
2843,35.5375,1.085802297e-08,9.719823973e-09,nan,nan,nan,nan
2844,35.55,1.062343650e-08,9.511828803e-09,nan,nan,nan,nan
2845,35.5625,1.039410323e-08,9.308471166e-09,nan,nan,nan,nan
2846,35.575,1.016991619e-08,9.109658111e-09,nan,nan,nan,nan
2847,35.5875,9.950764188e-09,8.915301871e-09,nan,nan,nan,nan
2848,35.6,9.736542881e-09,8.725312701e-09,nan,nan,nan,nan
2849,35.6125,9.527151677e-09,8.539598451e-09,nan,nan,nan,nan
2850,35.625,9.322493165e-09,8.358070602e-09,nan,nan,nan,nan
2851,35.6375,9.122470413e-09,8.180643180e-09,nan,nan,nan,nan
2852,35.65,8.926983238e-09,8.007232690e-09,nan,nan,nan,nan
2853,35.6625,8.735934962e-09,7.837758360e-09,nan,nan,nan,nan
2854,35.675,8.549233549e-09,7.672138435e-09,nan,nan,nan,nan
2855,35.6875,8.366793120e-09,7.510291508e-09,nan,nan,nan,nan
2856,35.7,8.188527596e-09,7.352139774e-09,nan,nan,nan,nan
2857,35.7125,8.014351941e-09,7.197610969e-09,nan,nan,nan,nan
2858,35.725,7.844176090e-09,7.046632594e-09,nan,nan,nan,nan
2859,35.7375,7.677912594e-09,6.899131599e-09,nan,nan,nan,nan
2860,35.75,7.515480690e-09,6.755033391e-09,nan,nan,nan,nan
2861,35.7625,7.356803951e-09,6.614266878e-09,nan,nan,nan,nan
2862,35.775,7.201807500e-09,6.476862214e-09,nan,nan,nan,nan
2863,35.7875,7.050412763e-09,6.342713877e-09,nan,nan,nan,nan
2864,35.8,6.902543512e-09,6.211701589e-09,nan,nan,nan,nan
2865,35.8125,6.758124014e-09,6.083761773e-09,nan,nan,nan,nan
2866,35.825,6.617081324e-09,5.958829310e-09,nan,nan,nan,nan
2867,35.8375,6.479406144e-09,5.836841091e-09,nan,nan,nan,nan
2868,35.85,6.345238539e-09,5.717738087e-09,nan,nan,nan,nan
2869,35.8625,6.214245019e-09,5.601461919e-09,nan,nan,nan,nan
2870,35.875,6.086358635e-09,5.487952928e-09,nan,nan,nan,nan
2871,35.8875,5.961514869e-09,5.377154618e-09,nan,nan,nan,nan
2872,35.9,5.839650643e-09,5.269009916e-09,nan,nan,nan,nan
2873,35.9125,5.720705281e-09,5.163465796e-09,nan,nan,nan,nan
2874,35.925,5.604615136e-09,5.060470522e-09,nan,nan,nan,nan
2875,35.9375,5.491318922e-09,4.959970856e-09,nan,nan,nan,nan
2876,35.95,5.380756919e-09,4.861913419e-09,nan,nan,nan,nan
2877,35.9625,5.272875075e-09,4.766246138e-09,nan,nan,nan,nan
2878,35.975,5.167847171e-09,4.672919939e-09,nan,nan,nan,nan
2879,35.9875,5.065583376e-09,4.581969012e-09,nan,nan,nan,nan
2880,36,4.965834343e-09,4.493460208e-09,nan,nan,nan,nan
2881,36.0125,4.868545943e-09,4.407156169e-09,nan,nan,nan,nan
2882,36.025,4.773668864e-09,4.323009343e-09,nan,nan,nan,nan
2883,36.0375,4.681153795e-09,4.240974706e-09,nan,nan,nan,nan
2884,36.05,4.590951326e-09,4.161009913e-09,nan,nan,nan,nan
2885,36.0625,4.503143600e-09,4.083074827e-09,nan,nan,nan,nan
2886,36.075,4.417905098e-09,4.007126846e-09,nan,nan,nan,nan
2887,36.0875,4.334832305e-09,3.933123386e-09,nan,nan,nan,nan
2888,36.1,4.253883914e-09,3.861021525e-09,nan,nan,nan,nan
2889,36.1125,4.175018062e-09,3.791076264e-09,nan,nan,nan,nan
2890,36.125,4.098190544e-09,3.723004845e-09,nan,nan,nan,nan
2891,36.1375,4.023676138e-09,3.656728934e-09,nan,nan,nan,nan
2892,36.15,3.951327940e-09,3.592210726e-09,nan,nan,nan,nan
2893,36.1625,3.880885932e-09,3.529409916e-09,nan,nan,nan,nan
2894,36.175,3.812315331e-09,3.468288898e-09,nan,nan,nan,nan
2895,36.1875,3.745580965e-09,3.408815345e-09,nan,nan,nan,nan
2896,36.2,3.681150428e-09,3.351340337e-09,nan,nan,nan,nan
2897,36.2125,3.618548912e-09,3.295456215e-09,nan,nan,nan,nan
2898,36.225,3.557659237e-09,3.241125094e-09,nan,nan,nan,nan
2899,36.2375,3.585195650e-09,3.188313160e-09,nan,nan,nan,nan
2900,36.25,3.626974247e-09,3.136985299e-09,nan,nan,nan,nan
2901,36.2625,3.669383467e-09,3.129871140e-09,nan,nan,nan,nan
2902,36.275,3.712411696e-09,3.165165519e-09,nan,nan,nan,nan
2903,36.2875,3.756061642e-09,3.201059112e-09,nan,nan,nan,nan
2904,36.3,3.800797137e-09,3.237483059e-09,nan,nan,nan,nan
2905,36.3125,3.846173712e-09,3.274454929e-09,nan,nan,nan,nan
2906,36.325,3.892195769e-09,3.312000840e-09,nan,nan,nan,nan
2907,36.3375,3.938873187e-09,3.350176470e-09,nan,nan,nan,nan
2908,36.35,3.986201971e-09,3.389226122e-09,nan,nan,nan,nan
2909,36.3625,4.034382800e-09,3.428820866e-09,nan,nan,nan,nan
2910,36.375,4.083469554e-09,3.468960924e-09,nan,nan,nan,nan
2911,36.3875,4.133209760e-09,3.509682295e-09,nan,nan,nan,nan
2912,36.4,4.183613031e-09,3.550969657e-09,nan,nan,nan,nan
2913,36.4125,4.234694219e-09,3.592857650e-09,nan,nan,nan,nan
2914,36.425,4.286445722e-09,3.635679618e-09,nan,nan,nan,nan
2915,36.4375,4.339067164e-09,3.679068605e-09,nan,nan,nan,nan
2916,36.45,4.392635889e-09,3.723051367e-09,nan,nan,nan,nan
2917,36.4625,4.446893260e-09,3.767617940e-09,nan,nan,nan,nan
2918,36.475,4.501852915e-09,3.812792998e-09,nan,nan,nan,nan
2919,36.4875,4.557511687e-09,3.858555558e-09,nan,nan,nan,nan
2920,36.5,4.613862365e-09,3.905057971e-09,nan,nan,nan,nan
2921,36.5125,4.670915454e-09,3.952397326e-09,nan,nan,nan,nan
2922,36.525,4.729108192e-09,4.000341142e-09,nan,nan,nan,nan
2923,36.5375,4.788075039e-09,4.048910374e-09,nan,nan,nan,nan
2924,36.55,4.847765991e-09,4.098081735e-09,nan,nan,nan,nan
2925,36.5625,4.908176205e-09,4.147856836e-09,nan,nan,nan,nan
2926,36.575,4.969321915e-09,4.198274312e-09,nan,nan,nan,nan
2927,36.5875,5.031211171e-09,4.249440355e-09,nan,nan,nan,nan
2928,36.6,5.093862745e-09,4.301533296e-09,nan,nan,nan,nan
2929,36.6125,5.157673862e-09,4.354242356e-09,nan,nan,nan,nan
2930,36.625,5.222312538e-09,4.407588128e-09,nan,nan,nan,nan
2931,36.6375,5.287711911e-09,4.461587599e-09,nan,nan,nan,nan
2932,36.65,5.353882100e-09,4.516240493e-09,nan,nan,nan,nan
2933,36.6625,5.420849374e-09,4.571579115e-09,nan,nan,nan,nan
2934,36.675,5.488614425e-09,4.627567662e-09,nan,nan,nan,nan
2935,36.6875,5.557164260e-09,4.684500676e-09,nan,nan,nan,nan
2936,36.7,5.626624596e-09,4.742219561e-09,nan,nan,nan,nan
2937,36.7125,5.697250866e-09,4.800613462e-09,nan,nan,nan,nan
2938,36.725,5.768702736e-09,4.859725455e-09,nan,nan,nan,nan
2939,36.7375,5.840991478e-09,4.919527952e-09,nan,nan,nan,nan
2940,36.75,5.914121428e-09,4.980030943e-09,nan,nan,nan,nan
2941,36.7625,5.988089998e-09,5.041221218e-09,nan,nan,nan,nan
2942,36.775,6.062892972e-09,5.103111878e-09,nan,nan,nan,nan
2943,36.7875,6.138543600e-09,5.166028383e-09,nan,nan,nan,nan
2944,36.8,6.215111732e-09,5.229787381e-09,nan,nan,nan,nan
2945,36.8125,6.292993612e-09,5.294276462e-09,nan,nan,nan,nan
2946,36.825,6.371765372e-09,5.359515498e-09,nan,nan,nan,nan
2947,36.8375,6.451424904e-09,5.425484950e-09,nan,nan,nan,nan
2948,36.85,6.531980646e-09,5.492208743e-09,nan,nan,nan,nan
2949,36.8625,6.613432060e-09,5.559671001e-09,nan,nan,nan,nan
2950,36.875,6.695789243e-09,5.627895594e-09,nan,nan,nan,nan
2951,36.8875,6.779061775e-09,5.696992433e-09,nan,nan,nan,nan
2952,36.9,6.863262084e-09,5.767213429e-09,nan,nan,nan,nan
2953,36.9125,6.948676190e-09,5.838223682e-09,nan,nan,nan,nan
2954,36.925,7.035295485e-09,5.910016643e-09,nan,nan,nan,nan
2955,36.9375,7.122864182e-09,5.982593254e-09,nan,nan,nan,nan
2956,36.95,7.211396751e-09,6.055979940e-09,nan,nan,nan,nan
2957,36.9625,7.300897423e-09,6.130167762e-09,nan,nan,nan,nan
2958,36.975,7.391381155e-09,6.205183867e-09,nan,nan,nan,nan
2959,36.9875,7.482847029e-09,6.281004772e-09,nan,nan,nan,nan
2960,37,7.575303050e-09,6.357832871e-09,nan,nan,nan,nan
2961,37.0125,7.668766856e-09,6.435810385e-09,nan,nan,nan,nan
2962,37.025,7.763521820e-09,6.514636719e-09,nan,nan,nan,nan
2963,37.0375,7.859606983e-09,6.594317425e-09,nan,nan,nan,nan
2964,37.05,7.956724299e-09,6.674849895e-09,nan,nan,nan,nan
2965,37.0625,8.054879106e-09,6.756243676e-09,nan,nan,nan,nan
2966,37.075,8.154091927e-09,6.838525579e-09,nan,nan,nan,nan
2967,37.0875,8.254372325e-09,6.921684115e-09,nan,nan,nan,nan
2968,37.1,8.355733285e-09,7.005734937e-09,nan,nan,nan,nan
2969,37.1125,8.458167341e-09,7.090761478e-09,nan,nan,nan,nan
2970,37.125,8.561675527e-09,7.177104744e-09,nan,nan,nan,nan
2971,37.1375,8.666314520e-09,7.264382207e-09,nan,nan,nan,nan
2972,37.15,8.772658766e-09,7.352594089e-09,nan,nan,nan,nan
2973,37.1625,8.880150629e-09,7.441755379e-09,nan,nan,nan,nan
2974,37.175,8.988783291e-09,7.531838708e-09,nan,nan,nan,nan
2975,37.1875,9.098545773e-09,7.622840081e-09,nan,nan,nan,nan
2976,37.2,9.209448695e-09,7.714800188e-09,nan,nan,nan,nan
2977,37.2125,9.321512788e-09,7.807724633e-09,nan,nan,nan,nan
2978,37.225,9.434765353e-09,7.901646226e-09,nan,nan,nan,nan
2979,37.2375,9.549213977e-09,7.996933171e-09,nan,nan,nan,nan
2980,37.25,9.664849069e-09,8.093359649e-09,nan,nan,nan,nan
2981,37.2625,9.781887250e-09,8.190786716e-09,nan,nan,nan,nan
2982,37.275,9.900600294e-09,8.289217035e-09,nan,nan,nan,nan
2983,37.2875,1.002055604e-08,8.388688355e-09,nan,nan,nan,nan
2984,37.3,1.014176451e-08,8.489179248e-09,nan,nan,nan,nan
2985,37.3125,1.026423257e-08,8.590704537e-09,nan,nan,nan,nan
2986,37.325,1.038796611e-08,8.693265885e-09,nan,nan,nan,nan
2987,37.3375,1.051296357e-08,8.796857964e-09,nan,nan,nan,nan
2988,37.35,1.063924632e-08,8.901522852e-09,nan,nan,nan,nan
2989,37.3625,1.076682157e-08,9.007838697e-09,nan,nan,nan,nan
2990,37.375,1.089570003e-08,9.115261990e-09,nan,nan,nan,nan
2991,37.3875,1.102610802e-08,9.223787290e-09,nan,nan,nan,nan
2992,37.4,1.115837913e-08,9.333404605e-09,nan,nan,nan,nan
2993,37.4125,1.129200698e-08,9.444145910e-09,nan,nan,nan,nan
2994,37.425,1.142699709e-08,9.555993996e-09,nan,nan,nan,nan
2995,37.4375,1.156336005e-08,9.668968237e-09,nan,nan,nan,nan
2996,37.45,1.170110384e-08,9.783074684e-09,nan,nan,nan,nan
2997,37.4625,1.184023794e-08,9.898323217e-09,nan,nan,nan,nan
2998,37.475,1.198077917e-08,1.001473704e-08,nan,nan,nan,nan
2999,37.4875,1.212273433e-08,1.013297668e-08,nan,nan,nan,nan
3000,37.5,1.226611371e-08,1.025240159e-08,nan,nan,nan,nan
3001,37.5125,1.241095319e-08,1.037302944e-08,nan,nan,nan,nan
3002,37.525,1.255804647e-08,1.049484355e-08,nan,nan,nan,nan
3003,37.5375,1.270661576e-08,1.061788191e-08,nan,nan,nan,nan
3004,37.55,1.285666717e-08,1.074212924e-08,nan,nan,nan,nan
3005,37.5625,1.300821620e-08,1.086760371e-08,nan,nan,nan,nan
3006,37.575,1.316128518e-08,1.099432728e-08,nan,nan,nan,nan
3007,37.5875,1.331588277e-08,1.112229614e-08,nan,nan,nan,nan
3008,37.6,1.347201317e-08,1.125151428e-08,nan,nan,nan,nan
3009,37.6125,1.362967982e-08,1.138261602e-08,nan,nan,nan,nan
3010,37.625,1.378889233e-08,1.151513390e-08,nan,nan,nan,nan
3011,37.6375,1.394967860e-08,1.164896890e-08,nan,nan,nan,nan
3012,37.65,1.411255835e-08,1.178410874e-08,nan,nan,nan,nan
3013,37.6625,1.427746186e-08,1.192057142e-08,nan,nan,nan,nan
3014,37.675,1.444397831e-08,1.205833966e-08,nan,nan,nan,nan
3015,37.6875,1.461211495e-08,1.219743762e-08,nan,nan,nan,nan
3016,37.7,1.478190034e-08,1.233790353e-08,nan,nan,nan,nan
3017,37.7125,1.495335512e-08,1.247973330e-08,nan,nan,nan,nan
3018,37.725,1.512649825e-08,1.262294241e-08,nan,nan,nan,nan
3019,37.7375,1.530132713e-08,1.276792677e-08,nan,nan,nan,nan
3020,37.75,1.547783624e-08,1.291471557e-08,nan,nan,nan,nan
3021,37.7625,1.565604326e-08,1.306292369e-08,nan,nan,nan,nan
3022,37.775,1.583597064e-08,1.321256038e-08,nan,nan,nan,nan
3023,37.7875,1.601855646e-08,1.336365307e-08,nan,nan,nan,nan
3024,37.8,1.620302690e-08,1.351617934e-08,nan,nan,nan,nan
3025,37.8125,1.638927017e-08,1.367014557e-08,nan,nan,nan,nan
3026,37.825,1.657729973e-08,1.382557596e-08,nan,nan,nan,nan
3027,37.8375,1.676713204e-08,1.398248206e-08,nan,nan,nan,nan
3028,37.85,1.695879503e-08,1.414089879e-08,nan,nan,nan,nan
3029,37.8625,1.715229591e-08,1.430080493e-08,nan,nan,nan,nan
3030,37.875,1.734764140e-08,1.446314485e-08,nan,nan,nan,nan
3031,37.8875,1.754484149e-08,1.462701993e-08,nan,nan,nan,nan
3032,37.9,1.774390841e-08,1.479243888e-08,nan,nan,nan,nan
3033,37.9125,1.794493071e-08,1.495943253e-08,nan,nan,nan,nan
3034,37.925,1.814893392e-08,1.512798808e-08,nan,nan,nan,nan
3035,37.9375,1.835486768e-08,1.529810911e-08,nan,nan,nan,nan
3036,37.95,1.856274630e-08,1.546982320e-08,nan,nan,nan,nan
3037,37.9625,1.877257985e-08,1.564313556e-08,nan,nan,nan,nan
3038,37.975,1.898440087e-08,1.581807935e-08,nan,nan,nan,nan
3039,37.9875,1.919822056e-08,1.599464322e-08,nan,nan,nan,nan
3040,38,1.941405282e-08,1.617321282e-08,nan,nan,nan,nan
3041,38.0125,1.963190355e-08,1.635409769e-08,nan,nan,nan,nan
3042,38.025,1.985177420e-08,1.653664583e-08,nan,nan,nan,nan
3043,38.0375,2.007368825e-08,1.672089828e-08,nan,nan,nan,nan
3044,38.05,2.029773093e-08,1.690684792e-08,nan,nan,nan,nan
3045,38.0625,2.052505894e-08,1.709451242e-08,nan,nan,nan,nan
3046,38.075,2.075451210e-08,1.728390403e-08,nan,nan,nan,nan
3047,38.0875,2.098609097e-08,1.747501593e-08,nan,nan,nan,nan
3048,38.1,2.121981057e-08,1.766787716e-08,nan,nan,nan,nan
3049,38.1125,2.145568413e-08,1.786248932e-08,nan,nan,nan,nan
3050,38.125,2.169373624e-08,1.805888250e-08,nan,nan,nan,nan
3051,38.1375,2.193398633e-08,1.825770862e-08,nan,nan,nan,nan
3052,38.15,2.217644663e-08,1.845884345e-08,nan,nan,nan,nan
3053,38.1625,2.242112685e-08,1.866180582e-08,nan,nan,nan,nan
3054,38.175,2.266802964e-08,1.886659257e-08,nan,nan,nan,nan
3055,38.1875,2.291717453e-08,1.907322905e-08,nan,nan,nan,nan
3056,38.2,2.316983277e-08,1.928174570e-08,nan,nan,nan,nan
3057,38.2125,2.342497286e-08,1.949213596e-08,nan,nan,nan,nan
3058,38.225,2.368244391e-08,1.970441516e-08,nan,nan,nan,nan
3059,38.2375,2.394224352e-08,1.991857329e-08,nan,nan,nan,nan
3060,38.25,2.420438674e-08,2.013463762e-08,nan,nan,nan,nan
3061,38.2625,2.446890106e-08,2.035264324e-08,nan,nan,nan,nan
3062,38.275,2.473581401e-08,2.057337883e-08,nan,nan,nan,nan
3063,38.2875,2.500513816e-08,2.079657796e-08,nan,nan,nan,nan
3064,38.3,2.527687585e-08,2.102174912e-08,nan,nan,nan,nan
3065,38.3125,2.555103559e-08,2.124890502e-08,nan,nan,nan,nan
3066,38.325,2.582763923e-08,2.147808303e-08,nan,nan,nan,nan
3067,38.3375,2.610756398e-08,2.170928504e-08,nan,nan,nan,nan
3068,38.35,2.639071523e-08,2.194253612e-08,nan,nan,nan,nan
3069,38.3625,2.667639261e-08,2.217782386e-08,nan,nan,nan,nan
3070,38.375,2.696460576e-08,2.241516234e-08,nan,nan,nan,nan
3071,38.3875,2.725537962e-08,2.265458582e-08,nan,nan,nan,nan
3072,38.4,2.754873602e-08,2.289609780e-08,nan,nan,nan,nan
3073,38.4125,2.784469330e-08,2.314043951e-08,nan,nan,nan,nan
3074,38.425,2.814326373e-08,2.338760796e-08,nan,nan,nan,nan
3075,38.4375,2.844444840e-08,2.363691587e-08,nan,nan,nan,nan
3076,38.45,2.874827135e-08,2.388840165e-08,nan,nan,nan,nan
3077,38.4625,2.905475520e-08,2.414206651e-08,nan,nan,nan,nan
3078,38.475,2.936398966e-08,2.439792990e-08,nan,nan,nan,nan
3079,38.4875,2.967761417e-08,2.465600557e-08,nan,nan,nan,nan
3080,38.5,2.999397715e-08,2.491628237e-08,nan,nan,nan,nan
3081,38.5125,3.031308932e-08,2.517879683e-08,nan,nan,nan,nan
3082,38.525,3.063496983e-08,2.544355393e-08,nan,nan,nan,nan
3083,38.5375,3.095965362e-08,2.571059088e-08,nan,nan,nan,nan
3084,38.55,3.128716838e-08,2.598030108e-08,nan,nan,nan,nan
3085,38.5625,3.161752330e-08,2.625349260e-08,nan,nan,nan,nan
3086,38.575,3.195072010e-08,2.652900727e-08,nan,nan,nan,nan
3087,38.5875,3.228675972e-08,2.680684696e-08,nan,nan,nan,nan
3088,38.6,3.262566829e-08,2.708705088e-08,nan,nan,nan,nan
3089,38.6125,3.296748934e-08,2.736965715e-08,nan,nan,nan,nan
3090,38.625,3.331293588e-08,2.765465357e-08,nan,nan,nan,nan
3091,38.6375,3.366260270e-08,2.794205023e-08,nan,nan,nan,nan
3092,38.65,3.401524433e-08,2.823183526e-08,nan,nan,nan,nan
3093,38.6625,3.437087495e-08,2.852404896e-08,nan,nan,nan,nan
3094,38.675,3.472952565e-08,2.881871830e-08,nan,nan,nan,nan
3095,38.6875,3.509123813e-08,2.911586711e-08,nan,nan,nan,nan
3096,38.7,3.545603192e-08,2.941694627e-08,nan,nan,nan,nan
3097,38.7125,3.582390676e-08,2.972082302e-08,nan,nan,nan,nan
3098,38.725,3.619486224e-08,3.002721177e-08,nan,nan,nan,nan
3099,38.7375,3.656891671e-08,3.033615698e-08,nan,nan,nan,nan
3100,38.75,3.694610782e-08,3.064767717e-08,nan,nan,nan,nan
3101,38.7625,3.732646938e-08,3.096179668e-08,nan,nan,nan,nan
3102,38.775,3.771107087e-08,3.127849796e-08,nan,nan,nan,nan
3103,38.7875,3.809998693e-08,3.159778461e-08,nan,nan,nan,nan
3104,38.8,3.849214022e-08,3.191969378e-08,nan,nan,nan,nan
3105,38.8125,3.888755730e-08,3.224424494e-08,nan,nan,nan,nan
3106,38.825,3.928626753e-08,3.257146119e-08,nan,nan,nan,nan
3107,38.8375,3.968829176e-08,3.290181122e-08,nan,nan,nan,nan
3108,38.85,4.009363939e-08,3.323631698e-08,nan,nan,nan,nan
3109,38.8625,4.050232515e-08,3.357355172e-08,nan,nan,nan,nan
3110,38.875,4.091436801e-08,3.391352638e-08,nan,nan,nan,nan
3111,38.8875,4.132979532e-08,3.425627554e-08,nan,nan,nan,nan
3112,38.9,4.174862539e-08,3.460179615e-08,nan,nan,nan,nan
3113,38.9125,4.217086930e-08,3.495009748e-08,nan,nan,nan,nan
3114,38.925,4.259758332e-08,3.530120901e-08,nan,nan,nan,nan
3115,38.9375,4.302914547e-08,3.565514090e-08,nan,nan,nan,nan
3116,38.95,4.346423846e-08,3.601192500e-08,nan,nan,nan,nan
3117,38.9625,4.390288185e-08,3.637156171e-08,nan,nan,nan,nan
3118,38.975,4.434508343e-08,3.673404764e-08,nan,nan,nan,nan
3119,38.9875,4.479085598e-08,3.710043345e-08,nan,nan,nan,nan
3120,39,4.524021332e-08,3.747085653e-08,nan,nan,nan,nan
3121,39.0125,4.569318839e-08,3.784424707e-08,nan,nan,nan,nan
3122,39.025,4.614981092e-08,3.822060829e-08,nan,nan,nan,nan
3123,39.0375,4.661010020e-08,3.859994829e-08,nan,nan,nan,nan
3124,39.05,4.707407068e-08,3.898228651e-08,nan,nan,nan,nan
3125,39.0625,4.754172525e-08,3.936761694e-08,nan,nan,nan,nan
3126,39.075,4.801353602e-08,3.975598051e-08,nan,nan,nan,nan
3127,39.0875,4.849131528e-08,4.014738664e-08,nan,nan,nan,nan
3128,39.1,4.897290934e-08,4.054186670e-08,nan,nan,nan,nan
3129,39.1125,4.945834394e-08,4.093942813e-08,nan,nan,nan,nan
3130,39.125,4.994762383e-08,4.134006004e-08,nan,nan,nan,nan
3131,39.1375,5.044075941e-08,4.174504425e-08,nan,nan,nan,nan
3132,39.15,5.093776404e-08,4.215429000e-08,nan,nan,nan,nan
3133,39.1625,5.143866585e-08,4.256672281e-08,nan,nan,nan,nan
3134,39.175,5.194350731e-08,4.298236694e-08,nan,nan,nan,nan
3135,39.1875,5.245230400e-08,4.340121762e-08,nan,nan,nan,nan
3136,39.2,5.296507115e-08,4.382329200e-08,nan,nan,nan,nan
3137,39.2125,5.348181044e-08,4.424859007e-08,nan,nan,nan,nan
3138,39.225,5.400254451e-08,4.467714515e-08,nan,nan,nan,nan
3139,39.2375,5.452935577e-08,4.510898516e-08,nan,nan,nan,nan
3140,39.25,5.506118490e-08,4.554412286e-08,nan,nan,nan,nan
3141,39.2625,5.559714426e-08,4.598256820e-08,nan,nan,nan,nan
3142,39.275,5.613723856e-08,4.642431334e-08,nan,nan,nan,nan
3143,39.2875,5.668147954e-08,4.687037081e-08,nan,nan,nan,nan
3144,39.3,5.722989928e-08,4.732145503e-08,nan,nan,nan,nan
3145,39.3125,5.778252697e-08,4.777596024e-08,nan,nan,nan,nan
3146,39.325,5.833938765e-08,4.823390598e-08,nan,nan,nan,nan
3147,39.3375,5.890048966e-08,4.869528220e-08,nan,nan,nan,nan
3148,39.35,5.946584939e-08,4.916011653e-08,nan,nan,nan,nan
3149,39.3625,6.003548873e-08,4.962843170e-08,nan,nan,nan,nan
3150,39.375,6.060943830e-08,5.010024801e-08,nan,nan,nan,nan
3151,39.3875,6.118772302e-08,5.057558111e-08,nan,nan,nan,nan
3152,39.4,6.177360393e-08,5.105443229e-08,nan,nan,nan,nan
3153,39.4125,6.236394787e-08,5.153681393e-08,nan,nan,nan,nan
3154,39.425,6.295873259e-08,5.202276182e-08,nan,nan,nan,nan
3155,39.4375,6.355798782e-08,5.251233987e-08,nan,nan,nan,nan
3156,39.45,6.416174532e-08,5.300838368e-08,nan,nan,nan,nan
3157,39.4625,6.477001418e-08,5.350807120e-08,nan,nan,nan,nan
3158,39.475,6.538280571e-08,5.401141534e-08,nan,nan,nan,nan
3159,39.4875,6.600013467e-08,5.451845386e-08,nan,nan,nan,nan
3160,39.5,6.662203563e-08,5.502921008e-08,nan,nan,nan,nan
3161,39.5125,6.724854363e-08,5.554370636e-08,nan,nan,nan,nan
3162,39.525,6.787968060e-08,5.606194053e-08,nan,nan,nan,nan
3163,39.5375,6.851545258e-08,5.658391605e-08,nan,nan,nan,nan
3164,39.55,6.915599282e-08,5.710965179e-08,nan,nan,nan,nan
3165,39.5625,6.980472646e-08,5.763916888e-08,nan,nan,nan,nan
3166,39.575,7.045822181e-08,5.817250948e-08,nan,nan,nan,nan
3167,39.5875,7.111651216e-08,5.870968245e-08,nan,nan,nan,nan
3168,39.6,7.177962035e-08,5.925208674e-08,nan,nan,nan,nan
3169,39.6125,7.244755626e-08,5.980017986e-08,nan,nan,nan,nan
3170,39.625,7.312032595e-08,6.035217975e-08,nan,nan,nan,nan
3171,39.6375,7.379795099e-08,6.090812366e-08,nan,nan,nan,nan
3172,39.65,7.448046400e-08,6.146803688e-08,nan,nan,nan,nan
3173,39.6625,7.516789815e-08,6.203192915e-08,nan,nan,nan,nan
3174,39.675,7.586027803e-08,6.259981894e-08,nan,nan,nan,nan
3175,39.6875,7.655761217e-08,6.317170598e-08,nan,nan,nan,nan
3176,39.7,7.725991231e-08,6.374760841e-08,nan,nan,nan,nan
3177,39.7125,7.796719548e-08,6.432754340e-08,nan,nan,nan,nan
3178,39.725,7.868281092e-08,6.491153859e-08,nan,nan,nan,nan
3179,39.7375,7.940425271e-08,6.549962245e-08,nan,nan,nan,nan
3180,39.75,8.013082964e-08,6.609179715e-08,nan,nan,nan,nan
3181,39.7625,8.086255868e-08,6.669026298e-08,nan,nan,nan,nan
3182,39.775,8.159945067e-08,6.729422497e-08,nan,nan,nan,nan
3183,39.7875,8.234152512e-08,6.790238594e-08,nan,nan,nan,nan
3184,39.8,8.308881491e-08,6.851476886e-08,nan,nan,nan,nan
3185,39.8125,8.384134296e-08,6.913137940e-08,nan,nan,nan,nan
3186,39.825,8.459913206e-08,6.975224121e-08,nan,nan,nan,nan
3187,39.8375,8.536219374e-08,7.037735511e-08,nan,nan,nan,nan
3188,39.85,8.613054738e-08,7.100674243e-08,nan,nan,nan,nan
3189,39.8625,8.690422227e-08,7.164043497e-08,nan,nan,nan,nan
3190,39.875,8.768324243e-08,7.227843757e-08,nan,nan,nan,nan
3191,39.8875,8.846910026e-08,7.292077070e-08,nan,nan,nan,nan
3192,39.9,8.926335475e-08,7.356743786e-08,nan,nan,nan,nan
3193,39.9125,9.006308153e-08,7.421846637e-08,nan,nan,nan,nan
3194,39.925,9.086830759e-08,7.487602371e-08,nan,nan,nan,nan
3195,39.9375,9.167906278e-08,7.553976539e-08,nan,nan,nan,nan
3196,39.95,9.249536486e-08,7.620797743e-08,nan,nan,nan,nan
3197,39.9625,9.331722226e-08,7.688065840e-08,nan,nan,nan,nan
3198,39.975,9.414465103e-08,7.755783860e-08,nan,nan,nan,nan
3199,39.9875,9.497768433e-08,7.823955339e-08,nan,nan,nan,nan
3200,40,9.581635290e-08,7.892581005e-08,nan,nan,nan,nan
3201,40.0125,9.666068197e-08,7.961662318e-08,nan,nan,nan,nan
3202,40.025,9.751067857e-08,8.031198828e-08,nan,nan,nan,nan
3203,40.0375,9.836635287e-08,8.101192384e-08,nan,nan,nan,nan
3204,40.05,9.922772349e-08,8.171645993e-08,nan,nan,nan,nan
3205,40.0625,1.000974774e-07,8.242562904e-08,nan,nan,nan,nan
3206,40.075,1.009753280e-07,8.313944189e-08,nan,nan,nan,nan
3207,40.0875,1.018590417e-07,8.385880873e-08,nan,nan,nan,nan
3208,40.1,1.027486224e-07,8.458620648e-08,nan,nan,nan,nan
3209,40.1125,1.036440810e-07,8.531834256e-08,nan,nan,nan,nan
3210,40.125,1.045454415e-07,8.605523727e-08,nan,nan,nan,nan
3211,40.1375,1.054527448e-07,8.679693192e-08,nan,nan,nan,nan
3212,40.15,1.063660176e-07,8.754342662e-08,nan,nan,nan,nan
3213,40.1625,1.072852798e-07,8.829472448e-08,nan,nan,nan,nan
3214,40.175,1.082105384e-07,8.905083532e-08,nan,nan,nan,nan
3215,40.1875,1.091418029e-07,8.981177396e-08,nan,nan,nan,nan
3216,40.2,1.100790979e-07,9.057756950e-08,nan,nan,nan,nan
3217,40.2125,1.110224552e-07,9.134824747e-08,nan,nan,nan,nan
3218,40.225,1.119719030e-07,9.212381735e-08,nan,nan,nan,nan
3219,40.2375,1.129297417e-07,9.290429115e-08,nan,nan,nan,nan
3220,40.25,1.138968949e-07,9.368966886e-08,nan,nan,nan,nan
3221,40.2625,1.148702661e-07,9.448270522e-08,nan,nan,nan,nan
3222,40.275,1.158498755e-07,9.528270178e-08,nan,nan,nan,nan
3223,40.2875,1.168357511e-07,9.608773943e-08,nan,nan,nan,nan
3224,40.3,1.178279213e-07,9.689783492e-08,nan,nan,nan,nan
3225,40.3125,1.188264028e-07,9.771299037e-08,nan,nan,nan,nan
3226,40.325,1.198312129e-07,9.853322547e-08,nan,nan,nan,nan
3227,40.3375,1.208423669e-07,9.935854905e-08,nan,nan,nan,nan
3228,40.35,1.218598873e-07,1.001889791e-07,nan,nan,nan,nan
3229,40.3625,1.228837999e-07,1.010245422e-07,nan,nan,nan,nan
3230,40.375,1.239141233e-07,1.018652424e-07,nan,nan,nan,nan
3231,40.3875,1.249508742e-07,1.027110976e-07,nan,nan,nan,nan
3232,40.4,1.259940673e-07,1.035621124e-07,nan,nan,nan,nan
3233,40.4125,1.270437245e-07,1.044183103e-07,nan,nan,nan,nan
3234,40.425,1.281055663e-07,1.052797181e-07,nan,nan,nan,nan
3235,40.4375,1.291743017e-07,1.061496137e-07,nan,nan,nan,nan
3236,40.45,1.302496546e-07,1.070266722e-07,nan,nan,nan,nan
3237,40.4625,1.313316330e-07,1.079090391e-07,nan,nan,nan,nan
3238,40.475,1.324202600e-07,1.087967397e-07,nan,nan,nan,nan
3239,40.4875,1.335155662e-07,1.096897953e-07,nan,nan,nan,nan
3240,40.5,1.346175730e-07,1.105882125e-07,nan,nan,nan,nan
3241,40.5125,1.357262982e-07,1.114920065e-07,nan,nan,nan,nan
3242,40.525,1.368417496e-07,1.124011769e-07,nan,nan,nan,nan
3243,40.5375,1.379639427e-07,1.133157481e-07,nan,nan,nan,nan
3244,40.55,1.390929054e-07,1.142357490e-07,nan,nan,nan,nan
3245,40.5625,1.402286647e-07,1.151611862e-07,nan,nan,nan,nan
3246,40.575,1.413712414e-07,1.160920719e-07,nan,nan,nan,nan
3247,40.5875,1.425206422e-07,1.170284032e-07,nan,nan,nan,nan
3248,40.6,1.436775118e-07,1.179702004e-07,nan,nan,nan,nan
3249,40.6125,1.448471960e-07,1.189194678e-07,nan,nan,nan,nan
3250,40.625,1.460238590e-07,1.198779582e-07,nan,nan,nan,nan
3251,40.6375,1.472075284e-07,1.208420488e-07,nan,nan,nan,nan
3252,40.65,1.483982164e-07,1.218117361e-07,nan,nan,nan,nan
3253,40.6625,1.495959294e-07,1.227870329e-07,nan,nan,nan,nan
3254,40.675,1.508006819e-07,1.237679629e-07,nan,nan,nan,nan
3255,40.6875,1.520124980e-07,1.247545428e-07,nan,nan,nan,nan
3256,40.7,1.532314069e-07,1.257467984e-07,nan,nan,nan,nan
3257,40.7125,1.544574260e-07,1.267447267e-07,nan,nan,nan,nan
3258,40.725,1.556905693e-07,1.277483391e-07,nan,nan,nan,nan
3259,40.7375,1.569308472e-07,1.287576420e-07,nan,nan,nan,nan
3260,40.75,1.581782761e-07,1.297726567e-07,nan,nan,nan,nan
3261,40.7625,1.594328787e-07,1.307934032e-07,nan,nan,nan,nan
3262,40.775,1.606946734e-07,1.318198835e-07,nan,nan,nan,nan
3263,40.7875,1.619636769e-07,1.328521153e-07,nan,nan,nan,nan
3264,40.8,1.632458425e-07,1.338944167e-07,nan,nan,nan,nan
3265,40.8125,1.645366131e-07,1.349444287e-07,nan,nan,nan,nan
3266,40.825,1.658347424e-07,1.360003129e-07,nan,nan,nan,nan
3267,40.8375,1.671402486e-07,1.370620829e-07,nan,nan,nan,nan
3268,40.85,1.684531506e-07,1.381297478e-07,nan,nan,nan,nan
3269,40.8625,1.697734568e-07,1.392033113e-07,nan,nan,nan,nan
3270,40.875,1.711011819e-07,1.402827912e-07,nan,nan,nan,nan
3271,40.8875,1.724363440e-07,1.413682020e-07,nan,nan,nan,nan
3272,40.9,1.737789663e-07,1.424595610e-07,nan,nan,nan,nan
3273,40.9125,1.751290661e-07,1.435568749e-07,nan,nan,nan,nan
3274,40.925,1.764866599e-07,1.446601510e-07,nan,nan,nan,nan
3275,40.9375,1.778517534e-07,1.457693916e-07,nan,nan,nan,nan
3276,40.95,1.792243588e-07,1.468846164e-07,nan,nan,nan,nan
3277,40.9625,1.806044922e-07,1.480058371e-07,nan,nan,nan,nan
3278,40.975,1.819921750e-07,1.491330668e-07,nan,nan,nan,nan
3279,40.9875,1.833881199e-07,1.502706509e-07,nan,nan,nan,nan
3280,41,1.847988877e-07,1.514167476e-07,nan,nan,nan,nan
3281,41.0125,1.862173501e-07,1.525689630e-07,nan,nan,nan,nan
3282,41.025,1.876435123e-07,1.537273018e-07,nan,nan,nan,nan
3283,41.0375,1.890773941e-07,1.548917908e-07,nan,nan,nan,nan
3284,41.05,1.905190236e-07,1.560624510e-07,nan,nan,nan,nan
3285,41.0625,1.919684238e-07,1.572392840e-07,nan,nan,nan,nan
3286,41.075,1.934256013e-07,1.584222923e-07,nan,nan,nan,nan
3287,41.0875,1.948905594e-07,1.596114736e-07,nan,nan,nan,nan
3288,41.1,1.963633044e-07,1.608068464e-07,nan,nan,nan,nan
3289,41.1125,1.978438562e-07,1.620084266e-07,nan,nan,nan,nan
3290,41.125,1.993322404e-07,1.632162313e-07,nan,nan,nan,nan
3291,41.1375,2.008284736e-07,1.644302604e-07,nan,nan,nan,nan
3292,41.15,2.023325616e-07,1.656505150e-07,nan,nan,nan,nan
3293,41.1625,2.038445063e-07,1.668769986e-07,nan,nan,nan,nan
3294,41.175,2.053643225e-07,1.681107726e-07,nan,nan,nan,nan
3295,41.1875,2.068920279e-07,1.693571435e-07,nan,nan,nan,nan
3296,41.2,2.084348978e-07,1.706098785e-07,nan,nan,nan,nan
3297,41.2125,2.099871684e-07,1.718689762e-07,nan,nan,nan,nan
3298,41.225,2.115474747e-07,1.731344446e-07,nan,nan,nan,nan
3299,41.2375,2.131158267e-07,1.744062932e-07,nan,nan,nan,nan
3300,41.25,2.146922373e-07,1.756845353e-07,nan,nan,nan,nan
3301,41.2625,2.162767208e-07,1.769691804e-07,nan,nan,nan,nan
3302,41.275,2.178692873e-07,1.782602251e-07,nan,nan,nan,nan
3303,41.2875,2.194699490e-07,1.795576860e-07,nan,nan,nan,nan
3304,41.3,2.210787168e-07,1.808615672e-07,nan,nan,nan,nan
3305,41.3125,2.226956041e-07,1.821718756e-07,nan,nan,nan,nan
3306,41.325,2.243206197e-07,1.834886163e-07,nan,nan,nan,nan
3307,41.3375,2.259537695e-07,1.848117900e-07,nan,nan,nan,nan
3308,41.35,2.275950623e-07,1.861414120e-07,nan,nan,nan,nan
3309,41.3625,2.292445099e-07,1.874774883e-07,nan,nan,nan,nan
3310,41.375,2.309021291e-07,1.888212513e-07,nan,nan,nan,nan
3311,41.3875,2.325679338e-07,1.901782831e-07,nan,nan,nan,nan
3312,41.4,2.342421505e-07,1.915418771e-07,nan,nan,nan,nan
3313,41.4125,2.359337671e-07,1.929120322e-07,nan,nan,nan,nan
3314,41.425,2.376336938e-07,1.942887643e-07,nan,nan,nan,nan
3315,41.4375,2.393419409e-07,1.956720850e-07,nan,nan,nan,nan
3316,41.45,2.410585312e-07,1.970620109e-07,nan,nan,nan,nan
3317,41.4625,2.427834781e-07,1.984585396e-07,nan,nan,nan,nan
3318,41.475,2.445167873e-07,1.998616632e-07,nan,nan,nan,nan
3319,41.4875,2.462584519e-07,2.012713793e-07,nan,nan,nan,nan
3320,41.5,2.480084729e-07,2.026876966e-07,nan,nan,nan,nan
3321,41.5125,2.497668596e-07,2.041106326e-07,nan,nan,nan,nan
3322,41.525,2.515336346e-07,2.055401984e-07,nan,nan,nan,nan
3323,41.5375,2.533088164e-07,2.069764032e-07,nan,nan,nan,nan
3324,41.55,2.550924087e-07,2.084192259e-07,nan,nan,nan,nan
3325,41.5625,2.568844041e-07,2.098686687e-07,nan,nan,nan,nan
3326,41.575,2.586847956e-07,2.113247322e-07,nan,nan,nan,nan
3327,41.5875,2.604935910e-07,2.127928286e-07,nan,nan,nan,nan
3328,41.6,2.623108092e-07,2.142709256e-07,nan,nan,nan,nan
3329,41.6125,2.641364734e-07,2.157557829e-07,nan,nan,nan,nan
3330,41.625,2.659764063e-07,2.172473829e-07,nan,nan,nan,nan
3331,41.6375,2.678292861e-07,2.187457225e-07,nan,nan,nan,nan
3332,41.65,2.696907126e-07,2.202508007e-07,nan,nan,nan,nan
3333,41.6625,2.715606945e-07,2.217626326e-07,nan,nan,nan,nan
3334,41.675,2.734392521e-07,2.232812324e-07,nan,nan,nan,nan
3335,41.6875,2.753264019e-07,2.248066051e-07,nan,nan,nan,nan
3336,41.7,2.772221462e-07,2.263387336e-07,nan,nan,nan,nan
3337,41.7125,2.791264717e-07,2.278776107e-07,nan,nan,nan,nan
3338,41.725,2.810393765e-07,2.294232380e-07,nan,nan,nan,nan
3339,41.7375,2.829608669e-07,2.309756341e-07,nan,nan,nan,nan
3340,41.75,2.848909579e-07,2.325348061e-07,nan,nan,nan,nan
3341,41.7625,2.868296575e-07,2.341007471e-07,nan,nan,nan,nan
3342,41.775,2.887769645e-07,2.356734480e-07,nan,nan,nan,nan
3343,41.7875,2.907328724e-07,2.372529076e-07,nan,nan,nan,nan
3344,41.8,2.926973823e-07,2.388437010e-07,nan,nan,nan,nan
3345,41.8125,2.946705004e-07,2.404461364e-07,nan,nan,nan,nan
3346,41.825,2.966522321e-07,2.420554435e-07,nan,nan,nan,nan
3347,41.8375,2.986425775e-07,2.436716161e-07,nan,nan,nan,nan
3348,41.85,3.006458686e-07,2.452946545e-07,nan,nan,nan,nan
3349,41.8625,3.026646127e-07,2.469245585e-07,nan,nan,nan,nan
3350,41.875,3.046920947e-07,2.485613291e-07,nan,nan,nan,nan
3351,41.8875,3.067283171e-07,2.502049627e-07,nan,nan,nan,nan
3352,41.9,3.087732779e-07,2.518554543e-07,nan,nan,nan,nan
3353,41.9125,3.108269710e-07,2.535128010e-07,nan,nan,nan,nan
3354,41.925,3.128893971e-07,2.551770054e-07,nan,nan,nan,nan
3355,41.9375,3.149605610e-07,2.568480720e-07,nan,nan,nan,nan
3356,41.95,3.170404679e-07,2.585259961e-07,nan,nan,nan,nan
3357,41.9625,3.191291115e-07,2.602107608e-07,nan,nan,nan,nan
3358,41.975,3.212264880e-07,2.619023699e-07,nan,nan,nan,nan
3359,41.9875,3.233325907e-07,2.636008155e-07,nan,nan,nan,nan
3360,42,3.254474200e-07,2.653061050e-07,nan,nan,nan,nan
3361,42.0125,3.275709785e-07,2.670182325e-07,nan,nan,nan,nan
3362,42.025,3.297032688e-07,2.687439831e-07,nan,nan,nan,nan
3363,42.0375,3.318442832e-07,2.704799780e-07,nan,nan,nan,nan
3364,42.05,3.339940143e-07,2.722228969e-07,nan,nan,nan,nan
3365,42.0625,3.361524562e-07,2.739727372e-07,nan,nan,nan,nan
3366,42.075,3.383196065e-07,2.757294972e-07,nan,nan,nan,nan
3367,42.0875,3.405001035e-07,2.774931780e-07,nan,nan,nan,nan
3368,42.1,3.426967466e-07,2.792637704e-07,nan,nan,nan,nan
3369,42.1125,3.449022172e-07,2.810412671e-07,nan,nan,nan,nan
3370,42.125,3.471165048e-07,2.828256553e-07,nan,nan,nan,nan
3371,42.1375,3.493396007e-07,2.846169304e-07,nan,nan,nan,nan
3372,42.15,3.515714994e-07,2.864150931e-07,nan,nan,nan,nan
3373,42.1625,3.538122039e-07,2.882201412e-07,nan,nan,nan,nan
3374,42.175,3.560617102e-07,2.900320651e-07,nan,nan,nan,nan
3375,42.1875,3.583200114e-07,2.918508532e-07,nan,nan,nan,nan
3376,42.2,3.605870935e-07,2.936764943e-07,nan,nan,nan,nan
3377,42.2125,3.628629493e-07,2.955089843e-07,nan,nan,nan,nan
3378,42.225,3.651475746e-07,2.973483211e-07,nan,nan,nan,nan
3379,42.2375,3.674409672e-07,2.991944958e-07,nan,nan,nan,nan
3380,42.25,3.697431187e-07,3.010483280e-07,nan,nan,nan,nan
3381,42.2625,3.720540162e-07,3.029190495e-07,nan,nan,nan,nan
3382,42.275,3.743736485e-07,3.047966903e-07,nan,nan,nan,nan
3383,42.2875,3.767020105e-07,3.066812424e-07,nan,nan,nan,nan
3384,42.3,3.790391011e-07,3.085727022e-07,nan,nan,nan,nan
3385,42.3125,3.813849101e-07,3.104710495e-07,nan,nan,nan,nan
3386,42.325,3.837394204e-07,3.123762731e-07,nan,nan,nan,nan
3387,42.3375,3.861081247e-07,3.142883590e-07,nan,nan,nan,nan
3388,42.35,3.884929910e-07,3.162073142e-07,nan,nan,nan,nan
3389,42.3625,3.908866607e-07,3.181331324e-07,nan,nan,nan,nan
3390,42.375,3.932891336e-07,3.200658045e-07,nan,nan,nan,nan
3391,42.3875,3.957003899e-07,3.220052962e-07,nan,nan,nan,nan
3392,42.4,3.981204028e-07,3.239515934e-07,nan,nan,nan,nan
3393,42.4125,4.005491514e-07,3.259046920e-07,nan,nan,nan,nan
3394,42.425,4.029866347e-07,3.278645988e-07,nan,nan,nan,nan
3395,42.4375,4.054328570e-07,3.298313068e-07,nan,nan,nan,nan
3396,42.45,4.078878134e-07,3.318047967e-07,nan,nan,nan,nan
3397,42.4625,4.103514800e-07,3.337850376e-07,nan,nan,nan,nan
3398,42.475,4.128238293e-07,3.357720166e-07,nan,nan,nan,nan
3399,42.4875,4.153048412e-07,3.377657251e-07,nan,nan,nan,nan
3400,42.5,4.177945124e-07,3.397730317e-07,nan,nan,nan,nan
3401,42.5125,4.202928415e-07,3.417919294e-07,nan,nan,nan,nan
3402,42.525,4.227998193e-07,3.438176385e-07,nan,nan,nan,nan
3403,42.5375,4.253154216e-07,3.458501313e-07,nan,nan,nan,nan
3404,42.55,4.278396238e-07,3.478893924e-07,nan,nan,nan,nan
3405,42.5625,4.303724058e-07,3.499354158e-07,nan,nan,nan,nan
3406,42.575,4.329137599e-07,3.519881941e-07,nan,nan,nan,nan
3407,42.5875,4.354636794e-07,3.540477188e-07,nan,nan,nan,nan
3408,42.6,4.380269308e-07,3.561139631e-07,nan,nan,nan,nan
3409,42.6125,4.406078343e-07,3.581869052e-07,nan,nan,nan,nan
3410,42.625,4.431973632e-07,3.602665336e-07,nan,nan,nan,nan
3411,42.6375,4.457954996e-07,3.623528363e-07,nan,nan,nan,nan
3412,42.65,4.484022331e-07,3.644458025e-07,nan,nan,nan,nan
3413,42.6625,4.510175538e-07,3.665454198e-07,nan,nan,nan,nan
3414,42.675,4.536414447e-07,3.686516638e-07,nan,nan,nan,nan
3415,42.6875,4.562738777e-07,3.707645108e-07,nan,nan,nan,nan
3416,42.7,4.589148266e-07,3.728839411e-07,nan,nan,nan,nan
3417,42.7125,4.615642744e-07,3.750099477e-07,nan,nan,nan,nan
3418,42.725,4.642222065e-07,3.771425214e-07,nan,nan,nan,nan
3419,42.7375,4.668886121e-07,3.792816419e-07,nan,nan,nan,nan
3420,42.75,4.695634699e-07,3.814280678e-07,nan,nan,nan,nan
3421,42.7625,4.722467531e-07,3.835926543e-07,nan,nan,nan,nan
3422,42.775,4.749384357e-07,3.857638269e-07,nan,nan,nan,nan
3423,42.7875,4.776384984e-07,3.879415719e-07,nan,nan,nan,nan
3424,42.8,4.803469228e-07,3.901258724e-07,nan,nan,nan,nan
3425,42.8125,4.830636883e-07,3.923167121e-07,nan,nan,nan,nan
3426,42.825,4.857887718e-07,3.945140681e-07,nan,nan,nan,nan
3427,42.8375,4.885221527e-07,3.967179218e-07,nan,nan,nan,nan
3428,42.85,4.912638093e-07,3.989282557e-07,nan,nan,nan,nan
3429,42.8625,4.940137188e-07,4.011450424e-07,nan,nan,nan,nan
3430,42.875,4.967718540e-07,4.033682582e-07,nan,nan,nan,nan
3431,42.8875,4.995518468e-07,4.055978805e-07,nan,nan,nan,nan
3432,42.9,5.023412126e-07,4.078338971e-07,nan,nan,nan,nan
3433,42.9125,5.051388552e-07,4.100762975e-07,nan,nan,nan,nan
3434,42.925,5.079447577e-07,4.123250608e-07,nan,nan,nan,nan
3435,42.9375,5.107588975e-07,4.145801527e-07,nan,nan,nan,nan
3436,42.95,5.135812350e-07,4.168415378e-07,nan,nan,nan,nan
3437,42.9625,5.164117305e-07,4.191091882e-07,nan,nan,nan,nan
3438,42.975,5.192503584e-07,4.213831060e-07,nan,nan,nan,nan
3439,42.9875,5.220971077e-07,4.236632751e-07,nan,nan,nan,nan
3440,43,5.249519690e-07,4.259496774e-07,nan,nan,nan,nan
3441,43.0125,5.278149118e-07,4.282422707e-07,nan,nan,nan,nan
3442,43.025,5.306858915e-07,4.305450503e-07,nan,nan,nan,nan
3443,43.0375,5.335648662e-07,4.328631347e-07,nan,nan,nan,nan
3444,43.05,5.364518131e-07,4.351874401e-07,nan,nan,nan,nan
3445,43.0625,5.393467210e-07,4.375179641e-07,nan,nan,nan,nan
3446,43.075,5.422495686e-07,4.398546696e-07,nan,nan,nan,nan
3447,43.0875,5.451603262e-07,4.421975254e-07,nan,nan,nan,nan
3448,43.1,5.480789501e-07,4.445464890e-07,nan,nan,nan,nan
3449,43.1125,5.510054009e-07,4.469015432e-07,nan,nan,nan,nan
3450,43.125,5.539396525e-07,4.492626737e-07,nan,nan,nan,nan
3451,43.1375,5.568816874e-07,4.516298618e-07,nan,nan,nan,nan
3452,43.15,5.598314802e-07,4.540030751e-07,nan,nan,nan,nan
3453,43.1625,5.627889973e-07,4.563822809e-07,nan,nan,nan,nan
3454,43.175,5.657541990e-07,4.587674459e-07,nan,nan,nan,nan
3455,43.1875,5.687406559e-07,4.611585511e-07,nan,nan,nan,nan
3456,43.2,5.717368060e-07,4.635555681e-07,nan,nan,nan,nan
3457,43.2125,5.747406628e-07,4.659584790e-07,nan,nan,nan,nan
3458,43.225,5.777521975e-07,4.683672533e-07,nan,nan,nan,nan
3459,43.2375,5.807713720e-07,4.707818545e-07,nan,nan,nan,nan
3460,43.25,5.837981508e-07,4.732022556e-07,nan,nan,nan,nan
3461,43.2625,5.868324954e-07,4.756284274e-07,nan,nan,nan,nan
3462,43.275,5.898743800e-07,4.780603473e-07,nan,nan,nan,nan
3463,43.2875,5.929237710e-07,4.804979900e-07,nan,nan,nan,nan
3464,43.3,5.959806331e-07,4.829413171e-07,nan,nan,nan,nan
3465,43.3125,5.990449283e-07,4.853912213e-07,nan,nan,nan,nan
3466,43.325,6.021166182e-07,4.878596931e-07,nan,nan,nan,nan
3467,43.3375,6.051956719e-07,4.903338662e-07,nan,nan,nan,nan
3468,43.35,6.082820611e-07,4.928137122e-07,nan,nan,nan,nan
3469,43.3625,6.113757475e-07,4.952991872e-07,nan,nan,nan,nan
3470,43.375,6.144766879e-07,4.977902661e-07,nan,nan,nan,nan
3471,43.3875,6.175848387e-07,5.002869101e-07,nan,nan,nan,nan
3472,43.4,6.207001670e-07,5.027891055e-07,nan,nan,nan,nan
3473,43.4125,6.238226486e-07,5.052968242e-07,nan,nan,nan,nan
3474,43.425,6.269522481e-07,5.078100238e-07,nan,nan,nan,nan
3475,43.4375,6.300889184e-07,5.103286602e-07,nan,nan,nan,nan
3476,43.45,6.332326104e-07,5.128527025e-07,nan,nan,nan,nan
3477,43.4625,6.363832824e-07,5.153821304e-07,nan,nan,nan,nan
3478,43.475,6.395409130e-07,5.179169295e-07,nan,nan,nan,nan
3479,43.4875,6.427054719e-07,5.204570568e-07,nan,nan,nan,nan
3480,43.5,6.458769211e-07,5.230024703e-07,nan,nan,nan,nan
3481,43.5125,6.490677758e-07,5.255531196e-07,nan,nan,nan,nan
3482,43.525,6.522691969e-07,5.281089744e-07,nan,nan,nan,nan
3483,43.5375,6.554774641e-07,5.306700247e-07,nan,nan,nan,nan
3484,43.55,6.586925550e-07,5.332362454e-07,nan,nan,nan,nan
3485,43.5625,6.619144394e-07,5.358075978e-07,nan,nan,nan,nan
3486,43.575,6.651430691e-07,5.383840282e-07,nan,nan,nan,nan
3487,43.5875,6.683783844e-07,5.409654910e-07,nan,nan,nan,nan
3488,43.6,6.716203352e-07,5.435519599e-07,nan,nan,nan,nan
3489,43.6125,6.748688878e-07,5.461434205e-07,nan,nan,nan,nan
3490,43.625,6.781240154e-07,5.487398435e-07,nan,nan,nan,nan
3491,43.6375,6.813856809e-07,5.513555069e-07,nan,nan,nan,nan
3492,43.65,6.846538324e-07,5.539762326e-07,nan,nan,nan,nan
3493,43.6625,6.879284149e-07,5.566018798e-07,nan,nan,nan,nan
3494,43.675,6.912093812e-07,5.592324094e-07,nan,nan,nan,nan
3495,43.6875,6.944966955e-07,5.618678056e-07,nan,nan,nan,nan
3496,43.7,6.977903203e-07,5.645080233e-07,nan,nan,nan,nan
3497,43.7125,7.010902118e-07,5.671530241e-07,nan,nan,nan,nan
3498,43.725,7.043963200e-07,5.698027652e-07,nan,nan,nan,nan
3499,43.7375,7.077085923e-07,5.724572062e-07,nan,nan,nan,nan
3500,43.75,7.110269902e-07,5.751163249e-07,nan,nan,nan,nan
3501,43.7625,7.143514714e-07,5.777800780e-07,nan,nan,nan,nan
3502,43.775,7.176819931e-07,5.804484300e-07,nan,nan,nan,nan
3503,43.7875,7.210185048e-07,5.831213337e-07,nan,nan,nan,nan
3504,43.8,7.243609528e-07,5.857987495e-07,nan,nan,nan,nan
3505,43.8125,7.277092912e-07,5.884806456e-07,nan,nan,nan,nan
3506,43.825,7.310634788e-07,5.911669860e-07,nan,nan,nan,nan
3507,43.8375,7.344234737e-07,5.938577361e-07,nan,nan,nan,nan
3508,43.85,7.377892279e-07,5.965528458e-07,nan,nan,nan,nan
3509,43.8625,7.411607895e-07,5.992522787e-07,nan,nan,nan,nan
3510,43.875,7.445546631e-07,6.019559894e-07,nan,nan,nan,nan
3511,43.8875,7.479542303e-07,6.046639458e-07,nan,nan,nan,nan
3512,43.9,7.513594487e-07,6.073761132e-07,nan,nan,nan,nan
3513,43.9125,7.547702774e-07,6.100924558e-07,nan,nan,nan,nan
3514,43.925,7.581866588e-07,6.128129144e-07,nan,nan,nan,nan
3515,43.9375,7.616085363e-07,6.155374562e-07,nan,nan,nan,nan
3516,43.95,7.650358559e-07,6.182660316e-07,nan,nan,nan,nan
3517,43.9625,7.684685723e-07,6.209986240e-07,nan,nan,nan,nan
3518,43.975,7.719066474e-07,6.237437921e-07,nan,nan,nan,nan
3519,43.9875,7.753500307e-07,6.264991576e-07,nan,nan,nan,nan
3520,44,7.787986628e-07,6.292584706e-07,nan,nan,nan,nan
3521,44.0125,7.822524817e-07,6.320216842e-07,nan,nan,nan,nan
3522,44.025,7.857114393e-07,6.347887791e-07,nan,nan,nan,nan
3523,44.0375,7.891754972e-07,6.375597134e-07,nan,nan,nan,nan
3524,44.05,7.926446107e-07,6.403344434e-07,nan,nan,nan,nan
3525,44.0625,7.961187231e-07,6.431129093e-07,nan,nan,nan,nan
3526,44.075,7.995977664e-07,6.458950630e-07,nan,nan,nan,nan
3527,44.0875,8.030816830e-07,6.486808714e-07,nan,nan,nan,nan
3528,44.1,8.065704320e-07,6.514703107e-07,nan,nan,nan,nan
3529,44.1125,8.100639722e-07,6.542633327e-07,nan,nan,nan,nan
3530,44.125,8.135622520e-07,6.570598856e-07,nan,nan,nan,nan
3531,44.1375,8.170652044e-07,6.598599099e-07,nan,nan,nan,nan
3532,44.15,8.205727665e-07,6.626633685e-07,nan,nan,nan,nan
3533,44.1625,8.240848910e-07,6.654702347e-07,nan,nan,nan,nan
3534,44.175,8.276015348e-07,6.682804649e-07,nan,nan,nan,nan
3535,44.1875,8.311226504e-07,6.710940157e-07,nan,nan,nan,nan
3536,44.2,8.346481749e-07,6.739108211e-07,nan,nan,nan,nan
3537,44.2125,8.381780436e-07,6.767308441e-07,nan,nan,nan,nan
3538,44.225,8.417121998e-07,6.795540431e-07,nan,nan,nan,nan
3539,44.2375,8.452505960e-07,6.823803831e-07,nan,nan,nan,nan
3540,44.25,8.487931876e-07,6.852098216e-07,nan,nan,nan,nan
3541,44.2625,8.523399171e-07,6.880422992e-07,nan,nan,nan,nan
3542,44.275,8.559006035e-07,6.908777683e-07,nan,nan,nan,nan
3543,44.2875,8.594723369e-07,6.937161858e-07,nan,nan,nan,nan
3544,44.3,8.630480981e-07,6.965575229e-07,nan,nan,nan,nan
3545,44.3125,8.666278411e-07,6.994017335e-07,nan,nan,nan,nan
3546,44.325,8.702115121e-07,7.022487654e-07,nan,nan,nan,nan
3547,44.3375,8.737990422e-07,7.050985573e-07,nan,nan,nan,nan
3548,44.35,8.773903670e-07,7.079519043e-07,nan,nan,nan,nan
3549,44.3625,8.809854244e-07,7.108220798e-07,nan,nan,nan,nan
3550,44.375,8.845841756e-07,7.136949678e-07,nan,nan,nan,nan
3551,44.3875,8.881865670e-07,7.165705110e-07,nan,nan,nan,nan
3552,44.4,8.917925437e-07,7.194486580e-07,nan,nan,nan,nan
3553,44.4125,8.954020328e-07,7.223293459e-07,nan,nan,nan,nan
3554,44.425,8.990149603e-07,7.252125214e-07,nan,nan,nan,nan
3555,44.4375,9.026312729e-07,7.280981700e-07,nan,nan,nan,nan
3556,44.45,9.062509309e-07,7.309862433e-07,nan,nan,nan,nan
3557,44.4625,9.098738890e-07,7.338767054e-07,nan,nan,nan,nan
3558,44.475,9.135000874e-07,7.367694844e-07,nan,nan,nan,nan
3559,44.4875,9.171294434e-07,7.396645146e-07,nan,nan,nan,nan
3560,44.5,9.207618830e-07,7.425617549e-07,nan,nan,nan,nan
3561,44.5125,9.243973498e-07,7.454611740e-07,nan,nan,nan,nan
3562,44.525,9.280358064e-07,7.483627430e-07,nan,nan,nan,nan
3563,44.5375,9.316772098e-07,7.512664127e-07,nan,nan,nan,nan
3564,44.55,9.353214986e-07,7.541721160e-07,nan,nan,nan,nan
3565,44.5625,9.389685924e-07,7.570797880e-07,nan,nan,nan,nan
3566,44.575,9.426184143e-07,7.599893793e-07,nan,nan,nan,nan
3567,44.5875,9.462709056e-07,7.629008651e-07,nan,nan,nan,nan
3568,44.6,9.499260286e-07,7.658142151e-07,nan,nan,nan,nan
3569,44.6125,9.535837345e-07,7.687293695e-07,nan,nan,nan,nan
3570,44.625,9.572439632e-07,7.716462739e-07,nan,nan,nan,nan
3571,44.6375,9.609066335e-07,7.745648549e-07,nan,nan,nan,nan
3572,44.65,9.645716772e-07,7.774850770e-07,nan,nan,nan,nan
3573,44.6625,9.682390347e-07,7.804069069e-07,nan,nan,nan,nan
3574,44.675,9.719086596e-07,7.833302955e-07,nan,nan,nan,nan
3575,44.6875,9.755804965e-07,7.862551950e-07,nan,nan,nan,nan
3576,44.7,9.792544805e-07,7.891815466e-07,nan,nan,nan,nan
3577,44.7125,9.829305405e-07,7.921092982e-07,nan,nan,nan,nan
3578,44.725,9.866086157e-07,7.950384059e-07,nan,nan,nan,nan
3579,44.7375,9.902886513e-07,7.979688277e-07,nan,nan,nan,nan
3580,44.75,9.939829471e-07,8.009005119e-07,nan,nan,nan,nan
3581,44.7625,9.976831424e-07,8.038334019e-07,nan,nan,nan,nan
3582,44.775,1.001385144e-06,8.067674492e-07,nan,nan,nan,nan
3583,44.7875,1.005088894e-06,8.097044519e-07,nan,nan,nan,nan
3584,44.8,1.008794335e-06,8.126553852e-07,nan,nan,nan,nan
3585,44.8125,1.012501405e-06,8.156073710e-07,nan,nan,nan,nan
3586,44.825,1.016210035e-06,8.185603513e-07,nan,nan,nan,nan
3587,44.8375,1.019920159e-06,8.215142796e-07,nan,nan,nan,nan
3588,44.85,1.023631718e-06,8.244691202e-07,nan,nan,nan,nan
3589,44.8625,1.027344651e-06,8.274248113e-07,nan,nan,nan,nan
3590,44.875,1.031058906e-06,8.303813153e-07,nan,nan,nan,nan
3591,44.8875,1.034774410e-06,8.333385598e-07,nan,nan,nan,nan
3592,44.9,1.038491096e-06,8.362965025e-07,nan,nan,nan,nan
3593,44.9125,1.042208894e-06,8.392550936e-07,nan,nan,nan,nan
3594,44.925,1.045927748e-06,8.422142934e-07,nan,nan,nan,nan
3595,44.9375,1.049647604e-06,8.451740512e-07,nan,nan,nan,nan
3596,44.95,1.053368400e-06,8.481343120e-07,nan,nan,nan,nan
3597,44.9625,1.057090068e-06,8.510950153e-07,nan,nan,nan,nan
3598,44.975,1.060812532e-06,8.540561077e-07,nan,nan,nan,nan
3599,44.9875,1.064535733e-06,8.570175539e-07,nan,nan,nan,nan
3600,45,1.068259612e-06,8.599793106e-07,nan,nan,nan,nan
3601,45.0125,1.071984116e-06,8.629413255e-07,nan,nan,nan,nan
3602,45.025,1.075709179e-06,8.659035367e-07,nan,nan,nan,nan
3603,45.0375,1.079434734e-06,8.688658923e-07,nan,nan,nan,nan
3604,45.05,1.083160704e-06,8.718283332e-07,nan,nan,nan,nan
3605,45.0625,1.086887028e-06,8.747908279e-07,nan,nan,nan,nan
3606,45.075,1.090613649e-06,8.777533238e-07,nan,nan,nan,nan
3607,45.0875,1.094340515e-06,8.807157822e-07,nan,nan,nan,nan
3608,45.1,1.098067563e-06,8.836781392e-07,nan,nan,nan,nan
3609,45.1125,1.101794714e-06,8.866403253e-07,nan,nan,nan,nan
3610,45.125,1.105521901e-06,8.896023079e-07,nan,nan,nan,nan
3611,45.1375,1.109249059e-06,8.925640315e-07,nan,nan,nan,nan
3612,45.15,1.112976137e-06,8.955254698e-07,nan,nan,nan,nan
3613,45.1625,1.116703082e-06,8.984865619e-07,nan,nan,nan,nan
3614,45.175,1.120429825e-06,9.014472465e-07,nan,nan,nan,nan
3615,45.1875,1.124156288e-06,9.044074659e-07,nan,nan,nan,nan
3616,45.2,1.127882401e-06,9.073671720e-07,nan,nan,nan,nan
3617,45.2125,1.131608107e-06,9.103263310e-07,nan,nan,nan,nan
3618,45.225,1.135333356e-06,9.132848968e-07,nan,nan,nan,nan
3619,45.2375,1.139058088e-06,9.162428148e-07,nan,nan,nan,nan
3620,45.25,1.142782233e-06,9.192000209e-07,nan,nan,nan,nan
3621,45.2625,1.146505714e-06,9.221564636e-07,nan,nan,nan,nan
3622,45.275,1.150228467e-06,9.251120994e-07,nan,nan,nan,nan
3623,45.2875,1.153950442e-06,9.280668977e-07,nan,nan,nan,nan
3624,45.3,1.157671582e-06,9.310207978e-07,nan,nan,nan,nan
3625,45.3125,1.161391823e-06,9.339781506e-07,nan,nan,nan,nan
3626,45.325,1.165111085e-06,9.369437865e-07,nan,nan,nan,nan
3627,45.3375,1.168840787e-06,9.399083830e-07,nan,nan,nan,nan
3628,45.35,1.172572710e-06,9.428718955e-07,nan,nan,nan,nan
3629,45.3625,1.176303482e-06,9.458342793e-07,nan,nan,nan,nan
3630,45.375,1.180033045e-06,9.487954737e-07,nan,nan,nan,nan
3631,45.3875,1.183761322e-06,9.517554158e-07,nan,nan,nan,nan
3632,45.4,1.187488235e-06,9.547140521e-07,nan,nan,nan,nan
3633,45.4125,1.191213718e-06,9.576713469e-07,nan,nan,nan,nan
3634,45.425,1.194937724e-06,9.606272658e-07,nan,nan,nan,nan
3635,45.4375,1.198660203e-06,9.635817620e-07,nan,nan,nan,nan
3636,45.45,1.202381091e-06,9.665347606e-07,nan,nan,nan,nan
3637,45.4625,1.206100309e-06,9.694862094e-07,nan,nan,nan,nan
3638,45.475,1.209817784e-06,9.724360628e-07,nan,nan,nan,nan
3639,45.4875,1.213533452e-06,9.753842724e-07,nan,nan,nan,nan
3640,45.5,1.217247258e-06,9.783308031e-07,nan,nan,nan,nan
3641,45.5125,1.220959154e-06,9.812756064e-07,nan,nan,nan,nan
3642,45.525,1.224669072e-06,9.842186241e-07,nan,nan,nan,nan
3643,45.5375,1.228376947e-06,9.871598098e-07,nan,nan,nan,nan
3644,45.55,1.232082707e-06,9.900990973e-07,nan,nan,nan,nan
3645,45.5625,1.235786289e-06,9.930364574e-07,nan,nan,nan,nan
3646,45.575,1.239487631e-06,9.959718287e-07,nan,nan,nan,nan
3647,45.5875,1.243186681e-06,9.989051813e-07,nan,nan,nan,nan
3648,45.6,1.246883374e-06,1.001836456e-06,nan,nan,nan,nan
3649,45.6125,1.250577643e-06,1.004765600e-06,nan,nan,nan,nan
3650,45.625,1.254269425e-06,1.007692566e-06,nan,nan,nan,nan
3651,45.6375,1.257958657e-06,1.010617307e-06,nan,nan,nan,nan
3652,45.65,1.261645281e-06,1.013539777e-06,nan,nan,nan,nan
3653,45.6625,1.265329236e-06,1.016459931e-06,nan,nan,nan,nan
3654,45.675,1.269010459e-06,1.019377712e-06,nan,nan,nan,nan
3655,45.6875,1.272688887e-06,1.022293079e-06,nan,nan,nan,nan
3656,45.7,1.276364460e-06,1.025205984e-06,nan,nan,nan,nan
3657,45.7125,1.280037114e-06,1.028116375e-06,nan,nan,nan,nan
3658,45.725,1.283706794e-06,1.031024214e-06,nan,nan,nan,nan
3659,45.7375,1.287373432e-06,1.033929439e-06,nan,nan,nan,nan
3660,45.75,1.291036970e-06,1.036832018e-06,nan,nan,nan,nan
3661,45.7625,1.294697346e-06,1.039731890e-06,nan,nan,nan,nan
3662,45.775,1.298354503e-06,1.042629021e-06,nan,nan,nan,nan
3663,45.7875,1.302008380e-06,1.045523357e-06,nan,nan,nan,nan
3664,45.8,1.305658911e-06,1.048414840e-06,nan,nan,nan,nan
3665,45.8125,1.309306035e-06,1.051303440e-06,nan,nan,nan,nan
3666,45.825,1.312949688e-06,1.054189101e-06,nan,nan,nan,nan
3667,45.8375,1.316589826e-06,1.057071798e-06,nan,nan,nan,nan
3668,45.85,1.320226393e-06,1.059951476e-06,nan,nan,nan,nan
3669,45.8625,1.323859326e-06,1.062828073e-06,nan,nan,nan,nan
3670,45.875,1.327488550e-06,1.065701531e-06,nan,nan,nan,nan
3671,45.8875,1.331113993e-06,1.068571813e-06,nan,nan,nan,nan
3672,45.9,1.334735606e-06,1.071438896e-06,nan,nan,nan,nan
3673,45.9125,1.338353348e-06,1.074302745e-06,nan,nan,nan,nan
3674,45.925,1.341967175e-06,1.077163304e-06,nan,nan,nan,nan
3675,45.9375,1.345577020e-06,1.080020508e-06,nan,nan,nan,nan
3676,45.95,1.349182799e-06,1.082874293e-06,nan,nan,nan,nan
3677,45.9625,1.352784439e-06,1.085724625e-06,nan,nan,nan,nan
3678,45.975,1.356381898e-06,1.088571492e-06,nan,nan,nan,nan
3679,45.9875,1.359975139e-06,1.091414855e-06,nan,nan,nan,nan
3680,46,1.363564119e-06,1.094262657e-06,nan,nan,nan,nan
3681,46.0125,1.367148766e-06,1.097110249e-06,nan,nan,nan,nan
3682,46.025,1.370729000e-06,1.099954145e-06,nan,nan,nan,nan
3683,46.0375,1.374304755e-06,1.102794302e-06,nan,nan,nan,nan
3684,46.05,1.377875984e-06,1.105630699e-06,nan,nan,nan,nan
3685,46.0625,1.381442651e-06,1.108463303e-06,nan,nan,nan,nan
3686,46.075,1.385004709e-06,1.111292055e-06,nan,nan,nan,nan
3687,46.0875,1.388562088e-06,1.114116899e-06,nan,nan,nan,nan
3688,46.1,1.392114719e-06,1.116937786e-06,nan,nan,nan,nan
3689,46.1125,1.395662540e-06,1.119754675e-06,nan,nan,nan,nan
3690,46.125,1.399205505e-06,1.122567542e-06,nan,nan,nan,nan
3691,46.1375,1.402743570e-06,1.125376341e-06,nan,nan,nan,nan
3692,46.15,1.406276681e-06,1.128181028e-06,nan,nan,nan,nan
3693,46.1625,1.409804782e-06,1.130981555e-06,nan,nan,nan,nan
3694,46.175,1.413329570e-06,1.133777865e-06,nan,nan,nan,nan
3695,46.1875,1.416858286e-06,1.136569926e-06,nan,nan,nan,nan
3696,46.2,1.420381774e-06,1.139357704e-06,nan,nan,nan,nan
3697,46.2125,1.423899987e-06,1.142141157e-06,nan,nan,nan,nan
3698,46.225,1.427412876e-06,1.144920252e-06,nan,nan,nan,nan
3699,46.2375,1.430920377e-06,1.147694922e-06,nan,nan,nan,nan
3700,46.25,1.434422435e-06,1.150465142e-06,nan,nan,nan,nan
3701,46.2625,1.437918992e-06,1.153230855e-06,nan,nan,nan,nan
3702,46.275,1.441410002e-06,1.155992044e-06,nan,nan,nan,nan
3703,46.2875,1.444895414e-06,1.158748660e-06,nan,nan,nan,nan
3704,46.3,1.448375170e-06,1.161500657e-06,nan,nan,nan,nan
3705,46.3125,1.451849215e-06,1.164247990e-06,nan,nan,nan,nan
3706,46.325,1.455317495e-06,1.166990627e-06,nan,nan,nan,nan
3707,46.3375,1.458779964e-06,1.169728531e-06,nan,nan,nan,nan
3708,46.35,1.462236576e-06,1.172461662e-06,nan,nan,nan,nan
3709,46.3625,1.465687277e-06,1.175189978e-06,nan,nan,nan,nan
3710,46.375,1.469132008e-06,1.177913434e-06,nan,nan,nan,nan
3711,46.3875,1.472570712e-06,1.180631992e-06,nan,nan,nan,nan
3712,46.4,1.476003342e-06,1.183345620e-06,nan,nan,nan,nan
3713,46.4125,1.479429861e-06,1.186054293e-06,nan,nan,nan,nan
3714,46.425,1.482850219e-06,1.188757951e-06,nan,nan,nan,nan
3715,46.4375,1.486264361e-06,1.191456560e-06,nan,nan,nan,nan
3716,46.45,1.489672221e-06,1.194150073e-06,nan,nan,nan,nan
3717,46.4625,1.493073754e-06,1.196838469e-06,nan,nan,nan,nan
3718,46.475,1.496468921e-06,1.199521714e-06,nan,nan,nan,nan
3719,46.4875,1.499857676e-06,1.202199759e-06,nan,nan,nan,nan
3720,46.5,1.503239973e-06,1.204872578e-06,nan,nan,nan,nan
3721,46.5125,1.506615752e-06,1.207540110e-06,nan,nan,nan,nan
3722,46.525,1.509984960e-06,1.210202340e-06,nan,nan,nan,nan
3723,46.5375,1.513347557e-06,1.212859235e-06,nan,nan,nan,nan
3724,46.55,1.516703504e-06,1.215510760e-06,nan,nan,nan,nan
3725,46.5625,1.520052752e-06,1.218156868e-06,nan,nan,nan,nan
3726,46.575,1.523395247e-06,1.220797514e-06,nan,nan,nan,nan
3727,46.5875,1.526730933e-06,1.223432669e-06,nan,nan,nan,nan
3728,46.6,1.530059767e-06,1.226062307e-06,nan,nan,nan,nan
3729,46.6125,1.533381714e-06,1.228686406e-06,nan,nan,nan,nan
3730,46.625,1.536696737e-06,1.231304923e-06,nan,nan,nan,nan
3731,46.6375,1.540004784e-06,1.233917810e-06,nan,nan,nan,nan
3732,46.65,1.543305800e-06,1.236525028e-06,nan,nan,nan,nan
3733,46.6625,1.546599735e-06,1.239126554e-06,nan,nan,nan,nan
3734,46.675,1.549886548e-06,1.241722357e-06,nan,nan,nan,nan
3735,46.6875,1.553166209e-06,1.244312420e-06,nan,nan,nan,nan
3736,46.7,1.556438672e-06,1.246896688e-06,nan,nan,nan,nan
3737,46.7125,1.559703890e-06,1.249475132e-06,nan,nan,nan,nan
3738,46.725,1.562961812e-06,1.252047713e-06,nan,nan,nan,nan
3739,46.7375,1.566212394e-06,1.254614404e-06,nan,nan,nan,nan
3740,46.75,1.569455601e-06,1.257175181e-06,nan,nan,nan,nan
3741,46.7625,1.572691392e-06,1.259730005e-06,nan,nan,nan,nan
3742,46.775,1.575919726e-06,1.262278848e-06,nan,nan,nan,nan
3743,46.7875,1.579140556e-06,1.264821669e-06,nan,nan,nan,nan
3744,46.8,1.582353836e-06,1.267358448e-06,nan,nan,nan,nan
3745,46.8125,1.585559533e-06,1.269889155e-06,nan,nan,nan,nan
3746,46.825,1.588757611e-06,1.272413758e-06,nan,nan,nan,nan
3747,46.8375,1.591948029e-06,1.274932226e-06,nan,nan,nan,nan
3748,46.85,1.595130745e-06,1.277444525e-06,nan,nan,nan,nan
3749,46.8625,1.598305706e-06,1.279950611e-06,nan,nan,nan,nan
3750,46.875,1.601472872e-06,1.282450469e-06,nan,nan,nan,nan
3751,46.8875,1.604632213e-06,1.284944083e-06,nan,nan,nan,nan
3752,46.9,1.607783704e-06,1.287431425e-06,nan,nan,nan,nan
3753,46.9125,1.610927310e-06,1.289912463e-06,nan,nan,nan,nan
3754,46.925,1.614062977e-06,1.292387140e-06,nan,nan,nan,nan
3755,46.9375,1.617190659e-06,1.294855439e-06,nan,nan,nan,nan
3756,46.95,1.620310311e-06,1.297317332e-06,nan,nan,nan,nan
3757,46.9625,1.623421914e-06,1.299772814e-06,nan,nan,nan,nan
3758,46.975,1.626525444e-06,1.302221863e-06,nan,nan,nan,nan
3759,46.9875,1.629620865e-06,1.304664431e-06,nan,nan,nan,nan
3760,47,1.632708126e-06,1.307100480e-06,nan,nan,nan,nan
3761,47.0125,1.635787177e-06,1.309529975e-06,nan,nan,nan,nan
3762,47.025,1.638857984e-06,1.311952916e-06,nan,nan,nan,nan
3763,47.0375,1.641920530e-06,1.314369283e-06,nan,nan,nan,nan
3764,47.05,1.644974793e-06,1.316779057e-06,nan,nan,nan,nan
3765,47.0625,1.648020737e-06,1.319182191e-06,nan,nan,nan,nan
3766,47.075,1.651058306e-06,1.321578648e-06,nan,nan,nan,nan
3767,47.0875,1.654087461e-06,1.323968407e-06,nan,nan,nan,nan
3768,47.1,1.657108175e-06,1.326351467e-06,nan,nan,nan,nan
3769,47.1125,1.660120428e-06,1.328727793e-06,nan,nan,nan,nan
3770,47.125,1.663124196e-06,1.331097378e-06,nan,nan,nan,nan
3771,47.1375,1.666119436e-06,1.333460162e-06,nan,nan,nan,nan
3772,47.15,1.669106109e-06,1.335816139e-06,nan,nan,nan,nan
3773,47.1625,1.672084180e-06,1.338165283e-06,nan,nan,nan,nan
3774,47.175,1.675053621e-06,1.340509787e-06,nan,nan,nan,nan
3775,47.1875,1.678014412e-06,1.342850970e-06,nan,nan,nan,nan
3776,47.2,1.680966520e-06,1.345185196e-06,nan,nan,nan,nan
3777,47.2125,1.683909914e-06,1.347512452e-06,nan,nan,nan,nan
3778,47.225,1.686844564e-06,1.349832710e-06,nan,nan,nan,nan
3779,47.2375,1.689770438e-06,1.352145951e-06,nan,nan,nan,nan
3780,47.25,1.692687512e-06,1.354452152e-06,nan,nan,nan,nan
3781,47.2625,1.695595752e-06,1.356751279e-06,nan,nan,nan,nan
3782,47.275,1.698495124e-06,1.359043325e-06,nan,nan,nan,nan
3783,47.2875,1.701385604e-06,1.361328273e-06,nan,nan,nan,nan
3784,47.3,1.704267172e-06,1.363606111e-06,nan,nan,nan,nan
3785,47.3125,1.707139813e-06,1.365876812e-06,nan,nan,nan,nan
3786,47.325,1.710003489e-06,1.368140345e-06,nan,nan,nan,nan
3787,47.3375,1.712858165e-06,1.370396681e-06,nan,nan,nan,nan
3788,47.35,1.715703810e-06,1.372645820e-06,nan,nan,nan,nan
3789,47.3625,1.718540400e-06,1.374887737e-06,nan,nan,nan,nan
3790,47.375,1.721367927e-06,1.377122439e-06,nan,nan,nan,nan
3791,47.3875,1.724186367e-06,1.379349886e-06,nan,nan,nan,nan
3792,47.4,1.726995696e-06,1.381570060e-06,nan,nan,nan,nan
3793,47.4125,1.729795878e-06,1.383782927e-06,nan,nan,nan,nan
3794,47.425,1.732586876e-06,1.385988476e-06,nan,nan,nan,nan
3795,47.4375,1.735368673e-06,1.388186708e-06,nan,nan,nan,nan
3796,47.45,1.738141257e-06,1.390377611e-06,nan,nan,nan,nan
3797,47.4625,1.740904620e-06,1.392561164e-06,nan,nan,nan,nan
3798,47.475,1.743658732e-06,1.394737340e-06,nan,nan,nan,nan
3799,47.4875,1.746403560e-06,1.396906111e-06,nan,nan,nan,nan
3800,47.5,1.749139072e-06,1.399067473e-06,nan,nan,nan,nan
3801,47.5125,1.751865252e-06,1.401221418e-06,nan,nan,nan,nan
3802,47.525,1.754582092e-06,1.403367942e-06,nan,nan,nan,nan
3803,47.5375,1.757289584e-06,1.405507032e-06,nan,nan,nan,nan
3804,47.55,1.759987697e-06,1.407638641e-06,nan,nan,nan,nan
3805,47.5625,1.762676401e-06,1.409762761e-06,nan,nan,nan,nan
3806,47.575,1.765355662e-06,1.411879377e-06,nan,nan,nan,nan
3807,47.5875,1.768025472e-06,1.413988493e-06,nan,nan,nan,nan
3808,47.6,1.770685831e-06,1.416090120e-06,nan,nan,nan,nan
3809,47.6125,1.773336727e-06,1.418184216e-06,nan,nan,nan,nan
3810,47.625,1.775978137e-06,1.420270765e-06,nan,nan,nan,nan
3811,47.6375,1.778610023e-06,1.422349736e-06,nan,nan,nan,nan
3812,47.65,1.781232363e-06,1.424421138e-06,nan,nan,nan,nan
3813,47.6625,1.783845151e-06,1.426484967e-06,nan,nan,nan,nan
3814,47.675,1.786448381e-06,1.428541217e-06,nan,nan,nan,nan
3815,47.6875,1.789042042e-06,1.430589868e-06,nan,nan,nan,nan
3816,47.7,1.791626110e-06,1.432630897e-06,nan,nan,nan,nan
3817,47.7125,1.794200560e-06,1.434664294e-06,nan,nan,nan,nan
3818,47.725,1.796765379e-06,1.436690058e-06,nan,nan,nan,nan
3819,47.7375,1.799320559e-06,1.438708185e-06,nan,nan,nan,nan
3820,47.75,1.801866090e-06,1.440718661e-06,nan,nan,nan,nan
3821,47.7625,1.804401955e-06,1.442721470e-06,nan,nan,nan,nan
3822,47.775,1.806928137e-06,1.444716603e-06,nan,nan,nan,nan
3823,47.7875,1.809444625e-06,1.446704065e-06,nan,nan,nan,nan
3824,47.8,1.811951411e-06,1.448683833e-06,nan,nan,nan,nan
3825,47.8125,1.814448483e-06,1.450655909e-06,nan,nan,nan,nan
3826,47.825,1.816935822e-06,1.452620262e-06,nan,nan,nan,nan
3827,47.8375,1.819413410e-06,1.454576904e-06,nan,nan,nan,nan
3828,47.85,1.821881242e-06,1.456525828e-06,nan,nan,nan,nan
3829,47.8625,1.824339316e-06,1.458467034e-06,nan,nan,nan,nan
3830,47.875,1.826787629e-06,1.460400507e-06,nan,nan,nan,nan
3831,47.8875,1.829226159e-06,1.462326222e-06,nan,nan,nan,nan
3832,47.9,1.831654889e-06,1.464244185e-06,nan,nan,nan,nan
3833,47.9125,1.834073803e-06,1.466154392e-06,nan,nan,nan,nan
3834,47.925,1.836482905e-06,1.468056845e-06,nan,nan,nan,nan
3835,47.9375,1.838882197e-06,1.469951551e-06,nan,nan,nan,nan
3836,47.95,1.841271677e-06,1.471838483e-06,nan,nan,nan,nan
3837,47.9625,1.843651323e-06,1.473717626e-06,nan,nan,nan,nan
3838,47.975,1.846021114e-06,1.475588974e-06,nan,nan,nan,nan
3839,47.9875,1.848381039e-06,1.477452534e-06,nan,nan,nan,nan
3840,48,1.850731104e-06,1.479308319e-06,nan,nan,nan,nan
3841,48.0125,1.853071317e-06,1.481156323e-06,nan,nan,nan,nan
3842,48.025,1.855401676e-06,1.482996531e-06,nan,nan,nan,nan
3843,48.0375,1.857722170e-06,1.484828937e-06,nan,nan,nan,nan
3844,48.05,1.860032772e-06,1.486653515e-06,nan,nan,nan,nan
3845,48.0625,1.862333473e-06,1.488470291e-06,nan,nan,nan,nan
3846,48.075,1.864624280e-06,1.490279260e-06,nan,nan,nan,nan
3847,48.0875,1.866905204e-06,1.492080438e-06,nan,nan,nan,nan
3848,48.1,1.869176245e-06,1.493873806e-06,nan,nan,nan,nan
3849,48.1125,1.871437388e-06,1.495659350e-06,nan,nan,nan,nan
3850,48.125,1.873688619e-06,1.497437065e-06,nan,nan,nan,nan
3851,48.1375,1.875929930e-06,1.499206957e-06,nan,nan,nan,nan
3852,48.15,1.878161332e-06,1.500969043e-06,nan,nan,nan,nan
3853,48.1625,1.880382831e-06,1.502723318e-06,nan,nan,nan,nan
3854,48.175,1.882594427e-06,1.504469779e-06,nan,nan,nan,nan
3855,48.1875,1.884796109e-06,1.506208412e-06,nan,nan,nan,nan
3856,48.2,1.886987867e-06,1.507939219e-06,nan,nan,nan,nan
3857,48.2125,1.889169704e-06,1.509662211e-06,nan,nan,nan,nan
3858,48.225,1.891341630e-06,1.511377398e-06,nan,nan,nan,nan
3859,48.2375,1.893503651e-06,1.513084768e-06,nan,nan,nan,nan
3860,48.25,1.895655761e-06,1.514784325e-06,nan,nan,nan,nan
3861,48.2625,1.897797947e-06,1.516476046e-06,nan,nan,nan,nan
3862,48.275,1.899930204e-06,1.518159955e-06,nan,nan,nan,nan
3863,48.2875,1.902052550e-06,1.519836075e-06,nan,nan,nan,nan
3864,48.3,1.904164997e-06,1.521504395e-06,nan,nan,nan,nan
3865,48.3125,1.906267552e-06,1.523164914e-06,nan,nan,nan,nan
3866,48.325,1.908360199e-06,1.524817613e-06,nan,nan,nan,nan
3867,48.3375,1.910442931e-06,1.526462511e-06,nan,nan,nan,nan
3868,48.35,1.912515753e-06,1.528099615e-06,nan,nan,nan,nan
3869,48.3625,1.914578680e-06,1.529728937e-06,nan,nan,nan,nan
3870,48.375,1.916631725e-06,1.531350481e-06,nan,nan,nan,nan
3871,48.3875,1.918674888e-06,1.532964236e-06,nan,nan,nan,nan
3872,48.4,1.920708163e-06,1.534570205e-06,nan,nan,nan,nan
3873,48.4125,1.922731548e-06,1.536168396e-06,nan,nan,nan,nan
3874,48.425,1.924745060e-06,1.537758828e-06,nan,nan,nan,nan
3875,48.4375,1.926748708e-06,1.539341505e-06,nan,nan,nan,nan
3876,48.45,1.928742500e-06,1.540916420e-06,nan,nan,nan,nan
3877,48.4625,1.930726432e-06,1.542483572e-06,nan,nan,nan,nan
3878,48.475,1.932700508e-06,1.544042986e-06,nan,nan,nan,nan
3879,48.4875,1.934664738e-06,1.545594655e-06,nan,nan,nan,nan
3880,48.5,1.936619138e-06,1.547138610e-06,nan,nan,nan,nan
3881,48.5125,1.938563713e-06,1.548674828e-06,nan,nan,nan,nan
3882,48.525,1.940498470e-06,1.550203325e-06,nan,nan,nan,nan
3883,48.5375,1.942423406e-06,1.551724102e-06,nan,nan,nan,nan
3884,48.55,1.944338526e-06,1.553237173e-06,nan,nan,nan,nan
3885,48.5625,1.946243852e-06,1.554742554e-06,nan,nan,nan,nan
3886,48.575,1.948139394e-06,1.556240248e-06,nan,nan,nan,nan
3887,48.5875,1.950025166e-06,1.557730269e-06,nan,nan,nan,nan
3888,48.6,1.951901174e-06,1.559212610e-06,nan,nan,nan,nan
3889,48.6125,1.953767416e-06,1.560687281e-06,nan,nan,nan,nan
3890,48.625,1.955623903e-06,1.562154295e-06,nan,nan,nan,nan
3891,48.6375,1.957470649e-06,1.563613667e-06,nan,nan,nan,nan
3892,48.65,1.959307673e-06,1.565065404e-06,nan,nan,nan,nan
3893,48.6625,1.961134985e-06,1.566509517e-06,nan,nan,nan,nan
3894,48.675,1.962952594e-06,1.567946009e-06,nan,nan,nan,nan
3895,48.6875,1.964760507e-06,1.569374890e-06,nan,nan,nan,nan
3896,48.7,1.966558734e-06,1.570796172e-06,nan,nan,nan,nan
3897,48.7125,1.968347291e-06,1.572209868e-06,nan,nan,nan,nan
3898,48.725,1.970126196e-06,1.573615996e-06,nan,nan,nan,nan
3899,48.7375,1.971895460e-06,1.575014550e-06,nan,nan,nan,nan
3900,48.75,1.973655094e-06,1.576405553e-06,nan,nan,nan,nan
3901,48.7625,1.975405107e-06,1.577789006e-06,nan,nan,nan,nan
3902,48.775,1.977145521e-06,1.579164936e-06,nan,nan,nan,nan
3903,48.7875,1.978876346e-06,1.580533347e-06,nan,nan,nan,nan
3904,48.8,1.980597598e-06,1.581894241e-06,nan,nan,nan,nan
3905,48.8125,1.982309282e-06,1.583247630e-06,nan,nan,nan,nan
3906,48.825,1.984011414e-06,1.584593535e-06,nan,nan,nan,nan
3907,48.8375,1.985704019e-06,1.585931979e-06,nan,nan,nan,nan
3908,48.85,1.987387119e-06,1.587262972e-06,nan,nan,nan,nan
3909,48.8625,1.989060729e-06,1.588586518e-06,nan,nan,nan,nan
3910,48.875,1.990724853e-06,1.589902616e-06,nan,nan,nan,nan
3911,48.8875,1.992379495e-06,1.591211282e-06,nan,nan,nan,nan
3912,48.9,1.994024674e-06,1.592512542e-06,nan,nan,nan,nan
3913,48.9125,1.995660427e-06,1.593806434e-06,nan,nan,nan,nan
3914,48.925,1.997286782e-06,1.595092954e-06,nan,nan,nan,nan
3915,48.9375,1.998903753e-06,1.596372113e-06,nan,nan,nan,nan
3916,48.95,2.000511331e-06,1.597643885e-06,nan,nan,nan,nan
3917,48.9625,2.002109520e-06,1.598908303e-06,nan,nan,nan,nan
3918,48.975,2.003698349e-06,1.600165420e-06,nan,nan,nan,nan
3919,48.9875,2.005277862e-06,1.601415246e-06,nan,nan,nan,nan
3920,49,2.006848093e-06,1.602657801e-06,nan,nan,nan,nan
3921,49.0125,2.008409046e-06,1.603893063e-06,nan,nan,nan,nan
3922,49.025,2.009960718e-06,1.605121043e-06,nan,nan,nan,nan
3923,49.0375,2.011503114e-06,1.606341763e-06,nan,nan,nan,nan
3924,49.05,2.013036266e-06,1.607555259e-06,nan,nan,nan,nan
3925,49.0625,2.014560213e-06,1.608761561e-06,nan,nan,nan,nan
3926,49.075,2.016074986e-06,1.609960672e-06,nan,nan,nan,nan
3927,49.0875,2.017580598e-06,1.611152594e-06,nan,nan,nan,nan
3928,49.1,2.019077049e-06,1.612337334e-06,nan,nan,nan,nan
3929,49.1125,2.020564354e-06,1.613514919e-06,nan,nan,nan,nan
3930,49.125,2.022042543e-06,1.614685377e-06,nan,nan,nan,nan
3931,49.1375,2.023511651e-06,1.615848731e-06,nan,nan,nan,nan
3932,49.15,2.024971702e-06,1.617004988e-06,nan,nan,nan,nan
3933,49.1625,2.026422714e-06,1.618154165e-06,nan,nan,nan,nan
3934,49.175,2.027864694e-06,1.619296263e-06,nan,nan,nan,nan
3935,49.1875,2.029297667e-06,1.620431317e-06,nan,nan,nan,nan
3936,49.2,2.030721656e-06,1.621559343e-06,nan,nan,nan,nan
3937,49.2125,2.032136696e-06,1.622680370e-06,nan,nan,nan,nan
3938,49.225,2.033542808e-06,1.623794402e-06,nan,nan,nan,nan
3939,49.2375,2.034940008e-06,1.624901456e-06,nan,nan,nan,nan
3940,49.25,2.036328316e-06,1.626001548e-06,nan,nan,nan,nan
3941,49.2625,2.037707750e-06,1.627094692e-06,nan,nan,nan,nan
3942,49.275,2.039078348e-06,1.628180937e-06,nan,nan,nan,nan
3943,49.2875,2.040440136e-06,1.629260287e-06,nan,nan,nan,nan
3944,49.3,2.041793136e-06,1.630332757e-06,nan,nan,nan,nan
3945,49.3125,2.043137368e-06,1.631398361e-06,nan,nan,nan,nan
3946,49.325,2.044472848e-06,1.632457115e-06,nan,nan,nan,nan
3947,49.3375,2.045799606e-06,1.633509050e-06,nan,nan,nan,nan
3948,49.35,2.047117672e-06,1.634554182e-06,nan,nan,nan,nan
3949,49.3625,2.048427071e-06,1.635592537e-06,nan,nan,nan,nan
3950,49.375,2.049727829e-06,1.636624129e-06,nan,nan,nan,nan
3951,49.3875,2.051019962e-06,1.637648977e-06,nan,nan,nan,nan
3952,49.4,2.052303502e-06,1.638667106e-06,nan,nan,nan,nan
3953,49.4125,2.053578481e-06,1.639678541e-06,nan,nan,nan,nan
3954,49.425,2.054844921e-06,1.640683283e-06,nan,nan,nan,nan
3955,49.4375,2.056102846e-06,1.641681367e-06,nan,nan,nan,nan
3956,49.45,2.057352274e-06,1.642672800e-06,nan,nan,nan,nan
3957,49.4625,2.058593234e-06,1.643657627e-06,nan,nan,nan,nan
3958,49.475,2.059825763e-06,1.644635869e-06,nan,nan,nan,nan
3959,49.4875,2.061049896e-06,1.645607536e-06,nan,nan,nan,nan
3960,49.5,2.062265650e-06,1.646572637e-06,nan,nan,nan,nan
3961,49.5125,2.063473041e-06,1.647531187e-06,nan,nan,nan,nan
3962,49.525,2.064672092e-06,1.648483225e-06,nan,nan,nan,nan
3963,49.5375,2.065862838e-06,1.649428786e-06,nan,nan,nan,nan
3964,49.55,2.067045324e-06,1.650367897e-06,nan,nan,nan,nan
3965,49.5625,2.068219581e-06,1.651300564e-06,nan,nan,nan,nan
3966,49.575,2.069385626e-06,1.652226793e-06,nan,nan,nan,nan
3967,49.5875,2.070543468e-06,1.653146600e-06,nan,nan,nan,nan
3968,49.6,2.071693141e-06,1.654060036e-06,nan,nan,nan,nan
3969,49.6125,2.072834680e-06,1.654967121e-06,nan,nan,nan,nan
3970,49.625,2.073968131e-06,1.655867893e-06,nan,nan,nan,nan
3971,49.6375,2.075093516e-06,1.656762340e-06,nan,nan,nan,nan
3972,49.65,2.076210851e-06,1.657650483e-06,nan,nan,nan,nan
3973,49.6625,2.077320161e-06,1.658532361e-06,nan,nan,nan,nan
3974,49.675,2.078421477e-06,1.659407991e-06,nan,nan,nan,nan
3975,49.6875,2.079514846e-06,1.660277423e-06,nan,nan,nan,nan
3976,49.7,2.080600293e-06,1.661140651e-06,nan,nan,nan,nan
3977,49.7125,2.081677846e-06,1.661997703e-06,nan,nan,nan,nan
3978,49.725,2.082747523e-06,1.662848597e-06,nan,nan,nan,nan
3979,49.7375,2.083809353e-06,1.663693357e-06,nan,nan,nan,nan
3980,49.75,2.084863374e-06,1.664532021e-06,nan,nan,nan,nan
3981,49.7625,2.085909623e-06,1.665364608e-06,nan,nan,nan,nan
3982,49.775,2.086948127e-06,1.666191136e-06,nan,nan,nan,nan
3983,49.7875,2.087978911e-06,1.667011622e-06,nan,nan,nan,nan
3984,49.8,2.089002000e-06,1.667826095e-06,nan,nan,nan,nan
3985,49.8125,2.090017430e-06,1.668634589e-06,nan,nan,nan,nan
3986,49.825,2.091025239e-06,1.669437126e-06,nan,nan,nan,nan
3987,49.8375,2.092025460e-06,1.670233729e-06,nan,nan,nan,nan
3988,49.85,2.093018119e-06,1.671024413e-06,nan,nan,nan,nan
3989,49.8625,2.094003234e-06,1.671809189e-06,nan,nan,nan,nan
3990,49.875,2.094980839e-06,1.672588105e-06,nan,nan,nan,nan
3991,49.8875,2.095950969e-06,1.673361182e-06,nan,nan,nan,nan
3992,49.9,2.096913672e-06,1.674128459e-06,nan,nan,nan,nan
3993,49.9125,2.097868978e-06,1.674889944e-06,nan,nan,nan,nan
3994,49.925,2.098816904e-06,1.675645643e-06,nan,nan,nan,nan
3995,49.9375,2.099757472e-06,1.676395589e-06,nan,nan,nan,nan
3996,49.95,2.100690708e-06,1.677139800e-06,nan,nan,nan,nan
3997,49.9625,2.101616664e-06,1.677878341e-06,nan,nan,nan,nan
3998,49.975,2.102535389e-06,1.678611231e-06,nan,nan,nan,nan
3999,49.9875,2.103446911e-06,1.679338477e-06,nan,nan,nan,nan
4000,50,2.104351245e-06,1.680060083e-06,nan,nan,nan,nan
4001,50.0125,2.105248405e-06,1.680776072e-06,nan,nan,nan,nan
4002,50.025,2.106138427e-06,1.681486491e-06,nan,nan,nan,nan
4003,50.0375,2.107021361e-06,1.682192781e-06,nan,nan,nan,nan
4004,50.05,2.107897256e-06,1.682896022e-06,nan,nan,nan,nan
4005,50.0625,2.108766140e-06,1.683593775e-06,nan,nan,nan,nan
4006,50.075,2.109628024e-06,1.684286048e-06,nan,nan,nan,nan
4007,50.0875,2.110482932e-06,1.684972871e-06,nan,nan,nan,nan
4008,50.1,2.111330904e-06,1.685654296e-06,nan,nan,nan,nan
4009,50.1125,2.112171988e-06,1.686330335e-06,nan,nan,nan,nan
4010,50.125,2.113006225e-06,1.687001026e-06,nan,nan,nan,nan
4011,50.1375,2.113833636e-06,1.687666364e-06,nan,nan,nan,nan
4012,50.15,2.114654242e-06,1.688326385e-06,nan,nan,nan,nan
4013,50.1625,2.115468072e-06,1.688981116e-06,nan,nan,nan,nan
4014,50.175,2.116275169e-06,1.689630589e-06,nan,nan,nan,nan
4015,50.1875,2.117075576e-06,1.690274834e-06,nan,nan,nan,nan
4016,50.2,2.117869325e-06,1.690913863e-06,nan,nan,nan,nan
4017,50.2125,2.118656441e-06,1.691547698e-06,nan,nan,nan,nan
4018,50.225,2.119436950e-06,1.692176369e-06,nan,nan,nan,nan
4019,50.2375,2.120210890e-06,1.692799909e-06,nan,nan,nan,nan
4020,50.25,2.120978301e-06,1.693418343e-06,nan,nan,nan,nan
4021,50.2625,2.121739216e-06,1.694031691e-06,nan,nan,nan,nan
4022,50.275,2.122493666e-06,1.694639972e-06,nan,nan,nan,nan
4023,50.2875,2.123241681e-06,1.695243224e-06,nan,nan,nan,nan
4024,50.3,2.123983294e-06,1.695841466e-06,nan,nan,nan,nan
4025,50.3125,2.124718545e-06,1.696434731e-06,nan,nan,nan,nan
4026,50.325,2.125447465e-06,1.697023030e-06,nan,nan,nan,nan
4027,50.3375,2.126170080e-06,1.697606386e-06,nan,nan,nan,nan
4028,50.35,2.126886424e-06,1.698184844e-06,nan,nan,nan,nan
4029,50.3625,2.127596532e-06,1.698758419e-06,nan,nan,nan,nan
4030,50.375,2.128300449e-06,1.699327156e-06,nan,nan,nan,nan
4031,50.3875,2.128998210e-06,1.699891058e-06,nan,nan,nan,nan
4032,50.4,2.129689842e-06,1.700450150e-06,nan,nan,nan,nan
4033,50.4125,2.130375368e-06,1.701004452e-06,nan,nan,nan,nan
4034,50.425,2.131054815e-06,1.701553996e-06,nan,nan,nan,nan
4035,50.4375,2.131728225e-06,1.702098821e-06,nan,nan,nan,nan
4036,50.45,2.132395643e-06,1.702638959e-06,nan,nan,nan,nan
4037,50.4625,2.133057112e-06,1.703174427e-06,nan,nan,nan,nan
4038,50.475,2.133712654e-06,1.703705230e-06,nan,nan,nan,nan
4039,50.4875,2.134362293e-06,1.704231399e-06,nan,nan,nan,nan
4040,50.5,2.135006054e-06,1.704752961e-06,nan,nan,nan,nan
4041,50.5125,2.135643976e-06,1.705269959e-06,nan,nan,nan,nan
4042,50.525,2.136276107e-06,1.705782424e-06,nan,nan,nan,nan
4043,50.5375,2.136902493e-06,1.706290382e-06,nan,nan,nan,nan
4044,50.55,2.137523154e-06,1.706793826e-06,nan,nan,nan,nan
4045,50.5625,2.138138113e-06,1.707292789e-06,nan,nan,nan,nan
4046,50.575,2.138747393e-06,1.707787291e-06,nan,nan,nan,nan
4047,50.5875,2.139351036e-06,1.708277392e-06,nan,nan,nan,nan
4048,50.6,2.139949091e-06,1.708763116e-06,nan,nan,nan,nan
4049,50.6125,2.140541599e-06,1.709244473e-06,nan,nan,nan,nan
4050,50.625,2.141128581e-06,1.709721479e-06,nan,nan,nan,nan
4051,50.6375,2.141710054e-06,1.710194142e-06,nan,nan,nan,nan
4052,50.65,2.142286053e-06,1.710662523e-06,nan,nan,nan,nan
4053,50.6625,2.142856624e-06,1.711126649e-06,nan,nan,nan,nan
4054,50.675,2.143422506e-06,1.711586548e-06,nan,nan,nan,nan
4055,50.6875,2.143988305e-06,1.712042234e-06,nan,nan,nan,nan
4056,50.7,2.144548761e-06,1.712493712e-06,nan,nan,nan,nan
4057,50.7125,2.145103895e-06,1.712941018e-06,nan,nan,nan,nan
4058,50.725,2.145653746e-06,1.713384188e-06,nan,nan,nan,nan
4059,50.7375,2.146198358e-06,1.713823255e-06,nan,nan,nan,nan
4060,50.75,2.146737770e-06,1.714258243e-06,nan,nan,nan,nan
4061,50.7625,2.147272007e-06,1.714689159e-06,nan,nan,nan,nan
4062,50.775,2.147801094e-06,1.715116030e-06,nan,nan,nan,nan
4063,50.7875,2.148325065e-06,1.715538896e-06,nan,nan,nan,nan
4064,50.8,2.148843958e-06,1.715957773e-06,nan,nan,nan,nan
4065,50.8125,2.149357812e-06,1.716372697e-06,nan,nan,nan,nan
4066,50.825,2.149866652e-06,1.716783674e-06,nan,nan,nan,nan
4067,50.8375,2.150370506e-06,1.717190737e-06,nan,nan,nan,nan
4068,50.85,2.150869404e-06,1.717593913e-06,nan,nan,nan,nan
4069,50.8625,2.151363387e-06,1.717993235e-06,nan,nan,nan,nan
4070,50.875,2.151852495e-06,1.718388723e-06,nan,nan,nan,nan
4071,50.8875,2.152336756e-06,1.718780396e-06,nan,nan,nan,nan
4072,50.9,2.152816195e-06,1.719168272e-06,nan,nan,nan,nan
4073,50.9125,2.153290833e-06,1.719552376e-06,nan,nan,nan,nan
4074,50.925,2.153760711e-06,1.719932754e-06,nan,nan,nan,nan
4075,50.9375,2.154225874e-06,1.720309430e-06,nan,nan,nan,nan
4076,50.95,2.154686362e-06,1.720682423e-06,nan,nan,nan,nan
4077,50.9625,2.155142194e-06,1.721051740e-06,nan,nan,nan,nan
4078,50.975,2.155593392e-06,1.721417413e-06,nan,nan,nan,nan
4079,50.9875,2.156039982e-06,1.721779459e-06,nan,nan,nan,nan
4080,51,2.156482005e-06,1.722137932e-06,nan,nan,nan,nan
4081,51.0125,2.156919504e-06,1.722492840e-06,nan,nan,nan,nan
4082,51.025,2.157352514e-06,1.722844207e-06,nan,nan,nan,nan
4083,51.0375,2.157781059e-06,1.723192057e-06,nan,nan,nan,nan
4084,51.05,2.158205161e-06,1.723536400e-06,nan,nan,nan,nan
4085,51.0625,2.158624851e-06,1.723877279e-06,nan,nan,nan,nan
4086,51.075,2.159040163e-06,1.724214710e-06,nan,nan,nan,nan
4087,51.0875,2.159451141e-06,1.724548735e-06,nan,nan,nan,nan
4088,51.1,2.159857818e-06,1.724879364e-06,nan,nan,nan,nan
4089,51.1125,2.160260216e-06,1.725206608e-06,nan,nan,nan,nan
4090,51.125,2.160658355e-06,1.725530496e-06,nan,nan,nan,nan
4091,51.1375,2.161052269e-06,1.725851057e-06,nan,nan,nan,nan
4092,51.15,2.161441995e-06,1.726168325e-06,nan,nan,nan,nan
4093,51.1625,2.161827574e-06,1.726482322e-06,nan,nan,nan,nan
4094,51.175,2.162209036e-06,1.726793062e-06,nan,nan,nan,nan
4095,51.1875,2.162586402e-06,1.727100566e-06,nan,nan,nan,nan
4096,51.2,2.162959697e-06,1.727404857e-06,nan,nan,nan,nan
4097,51.2125,2.163328953e-06,1.727705965e-06,nan,nan,nan,nan
4098,51.225,2.163694212e-06,1.728003926e-06,nan,nan,nan,nan
4099,51.2375,2.164055503e-06,1.728298745e-06,nan,nan,nan,nan
4100,51.25,2.164412856e-06,1.728590452e-06,nan,nan,nan,nan
4101,51.2625,2.164766290e-06,1.728879053e-06,nan,nan,nan,nan
4102,51.275,2.165115836e-06,1.729164594e-06,nan,nan,nan,nan
4103,51.2875,2.165461532e-06,1.729447097e-06,nan,nan,nan,nan
4104,51.3,2.165803413e-06,1.729726585e-06,nan,nan,nan,nan
4105,51.3125,2.166141507e-06,1.730003064e-06,nan,nan,nan,nan
4106,51.325,2.166475828e-06,1.730276552e-06,nan,nan,nan,nan
4107,51.3375,2.166806406e-06,1.730547094e-06,nan,nan,nan,nan
4108,51.35,2.167133282e-06,1.730814718e-06,nan,nan,nan,nan
4109,51.3625,2.167456496e-06,1.731079444e-06,nan,nan,nan,nan
4110,51.375,2.167776075e-06,1.731341283e-06,nan,nan,nan,nan
4111,51.3875,2.168092036e-06,1.731600245e-06,nan,nan,nan,nan
4112,51.4,2.168404395e-06,1.731856354e-06,nan,nan,nan,nan
4113,51.4125,2.168713189e-06,1.732109656e-06,nan,nan,nan,nan
4114,51.425,2.169018457e-06,1.732360171e-06,nan,nan,nan,nan
4115,51.4375,2.169320234e-06,1.732607920e-06,nan,nan,nan,nan
4116,51.45,2.169618545e-06,1.732852912e-06,nan,nan,nan,nan
4117,51.4625,2.169913410e-06,1.733095165e-06,nan,nan,nan,nan
4118,51.475,2.170204853e-06,1.733334713e-06,nan,nan,nan,nan
4119,51.4875,2.170492906e-06,1.733571576e-06,nan,nan,nan,nan
4120,51.5,2.170777606e-06,1.733805789e-06,nan,nan,nan,nan
4121,51.5125,2.171058982e-06,1.734037355e-06,nan,nan,nan,nan
4122,51.525,2.171337057e-06,1.734266298e-06,nan,nan,nan,nan
4123,51.5375,2.171611850e-06,1.734492638e-06,nan,nan,nan,nan
4124,51.55,2.171883392e-06,1.734716402e-06,nan,nan,nan,nan
4125,51.5625,2.172151716e-06,1.734937616e-06,nan,nan,nan,nan
4126,51.575,2.172416853e-06,1.735156296e-06,nan,nan,nan,nan
4127,51.5875,2.172678830e-06,1.735372463e-06,nan,nan,nan,nan
4128,51.6,2.172937669e-06,1.735586132e-06,nan,nan,nan,nan
4129,51.6125,2.173193391e-06,1.735797330e-06,nan,nan,nan,nan
4130,51.625,2.173446029e-06,1.736006079e-06,nan,nan,nan,nan
4131,51.6375,2.173695614e-06,1.736212404e-06,nan,nan,nan,nan
4132,51.65,2.173942175e-06,1.736416323e-06,nan,nan,nan,nan
4133,51.6625,2.174185736e-06,1.736617854e-06,nan,nan,nan,nan
4134,51.675,2.174426319e-06,1.736817010e-06,nan,nan,nan,nan
4135,51.6875,2.174663951e-06,1.737013825e-06,nan,nan,nan,nan
4136,51.7,2.174898658e-06,1.737208307e-06,nan,nan,nan,nan
4137,51.7125,2.175130469e-06,1.737400487e-06,nan,nan,nan,nan
4138,51.725,2.175359407e-06,1.737590384e-06,nan,nan,nan,nan
4139,51.7375,2.175585500e-06,1.737778005e-06,nan,nan,nan,nan
4140,51.75,2.175808776e-06,1.737963392e-06,nan,nan,nan,nan
4141,51.7625,2.176029259e-06,1.738146546e-06,nan,nan,nan,nan
4142,51.775,2.176246980e-06,1.738327503e-06,nan,nan,nan,nan
4143,51.7875,2.176461961e-06,1.738506269e-06,nan,nan,nan,nan
4144,51.8,2.176674221e-06,1.738682862e-06,nan,nan,nan,nan
4145,51.8125,2.176883780e-06,1.738857302e-06,nan,nan,nan,nan
4146,51.825,2.177090670e-06,1.739029616e-06,nan,nan,nan,nan
4147,51.8375,2.177294923e-06,1.739199833e-06,nan,nan,nan,nan
4148,51.85,2.177496569e-06,1.739367963e-06,nan,nan,nan,nan
4149,51.8625,2.177695628e-06,1.739534016e-06,nan,nan,nan,nan
4150,51.875,2.177892113e-06,1.739698004e-06,nan,nan,nan,nan
4151,51.8875,2.178086038e-06,1.739859953e-06,nan,nan,nan,nan
4152,51.9,2.178277440e-06,1.740019898e-06,nan,nan,nan,nan
4153,51.9125,2.178466361e-06,1.740177865e-06,nan,nan,nan,nan
4154,51.925,2.178652825e-06,1.740333859e-06,nan,nan,nan,nan
4155,51.9375,2.178836850e-06,1.740487883e-06,nan,nan,nan,nan
4156,51.95,2.179018436e-06,1.740639944e-06,nan,nan,nan,nan
4157,51.9625,2.179197605e-06,1.740790078e-06,nan,nan,nan,nan
4158,51.975,2.179374393e-06,1.740938325e-06,nan,nan,nan,nan
4159,51.9875,2.179548841e-06,1.741084704e-06,nan,nan,nan,nan
4160,52,2.179720980e-06,1.741229220e-06,nan,nan,nan,nan
4161,52.0125,2.179890815e-06,1.741371864e-06,nan,nan,nan,nan
4162,52.025,2.180058352e-06,1.741512660e-06,nan,nan,nan,nan
4163,52.0375,2.180223609e-06,1.741651634e-06,nan,nan,nan,nan
4164,52.05,2.180386625e-06,1.741788830e-06,nan,nan,nan,nan
4165,52.0625,2.180547439e-06,1.741924262e-06,nan,nan,nan,nan
4166,52.075,2.180706078e-06,1.742057933e-06,nan,nan,nan,nan
4167,52.0875,2.180862549e-06,1.742189845e-06,nan,nan,nan,nan
4168,52.1,2.181016862e-06,1.742320022e-06,nan,nan,nan,nan
4169,52.1125,2.181169036e-06,1.742448472e-06,nan,nan,nan,nan
4170,52.125,2.181319097e-06,1.742575238e-06,nan,nan,nan,nan
4171,52.1375,2.181467079e-06,1.742700334e-06,nan,nan,nan,nan
4172,52.15,2.181613009e-06,1.742823773e-06,nan,nan,nan,nan
4173,52.1625,2.181756908e-06,1.742945575e-06,nan,nan,nan,nan
4174,52.175,2.181898788e-06,1.743065734e-06,nan,nan,nan,nan
4175,52.1875,2.182038665e-06,1.743184283e-06,nan,nan,nan,nan
4176,52.2,2.182176560e-06,1.743301224e-06,nan,nan,nan,nan
4177,52.2125,2.182312496e-06,1.743416595e-06,nan,nan,nan,nan
4178,52.225,2.182446497e-06,1.743530406e-06,nan,nan,nan,nan
4179,52.2375,2.182578589e-06,1.743642675e-06,nan,nan,nan,nan
4180,52.25,2.182708790e-06,1.743753412e-06,nan,nan,nan,nan
4181,52.2625,2.182837120e-06,1.743862628e-06,nan,nan,nan,nan
4182,52.275,2.182963594e-06,1.743970338e-06,nan,nan,nan,nan
4183,52.2875,2.183088231e-06,1.744076564e-06,nan,nan,nan,nan
4184,52.3,2.183211051e-06,1.744181324e-06,nan,nan,nan,nan
4185,52.3125,2.183332077e-06,1.744284634e-06,nan,nan,nan,nan
4186,52.325,2.183451333e-06,1.744386512e-06,nan,nan,nan,nan
4187,52.3375,2.183568842e-06,1.744486966e-06,nan,nan,nan,nan
4188,52.35,2.183684621e-06,1.744586017e-06,nan,nan,nan,nan
4189,52.3625,2.183798680e-06,1.744683658e-06,nan,nan,nan,nan
4190,52.375,2.183911036e-06,1.744779928e-06,nan,nan,nan,nan
4191,52.3875,2.184021708e-06,1.744874830e-06,nan,nan,nan,nan
4192,52.4,2.184130725e-06,1.744968398e-06,nan,nan,nan,nan
4193,52.4125,2.184238113e-06,1.745060638e-06,nan,nan,nan,nan
4194,52.425,2.184343882e-06,1.745151546e-06,nan,nan,nan,nan
4195,52.4375,2.184448046e-06,1.745241151e-06,nan,nan,nan,nan
4196,52.45,2.184550615e-06,1.745329456e-06,nan,nan,nan,nan
4197,52.4625,2.184651615e-06,1.745416496e-06,nan,nan,nan,nan
4198,52.475,2.184751076e-06,1.745502285e-06,nan,nan,nan,nan
4199,52.4875,2.184849016e-06,1.745586829e-06,nan,nan,nan,nan
4200,52.5,2.184945444e-06,1.745670131e-06,nan,nan,nan,nan
4201,52.5125,2.185040370e-06,1.745752200e-06,nan,nan,nan,nan
4202,52.525,2.185133806e-06,1.745833063e-06,nan,nan,nan,nan
4203,52.5375,2.185225781e-06,1.745912743e-06,nan,nan,nan,nan
4204,52.55,2.185316326e-06,1.745991260e-06,nan,nan,nan,nan
4205,52.5625,2.185405455e-06,1.746068607e-06,nan,nan,nan,nan
4206,52.575,2.185493174e-06,1.746144791e-06,nan,nan,nan,nan
4207,52.5875,2.185579492e-06,1.746219827e-06,nan,nan,nan,nan
4208,52.6,2.185664428e-06,1.746293750e-06,nan,nan,nan,nan
4209,52.6125,2.185748006e-06,1.746366562e-06,nan,nan,nan,nan
4210,52.625,2.185830254e-06,1.746438287e-06,nan,nan,nan,nan
4211,52.6375,2.185911181e-06,1.746508913e-06,nan,nan,nan,nan
4212,52.65,2.185990795e-06,1.746578465e-06,nan,nan,nan,nan
4213,52.6625,2.186069107e-06,1.746646949e-06,nan,nan,nan,nan
4214,52.675,2.186146139e-06,1.746714388e-06,nan,nan,nan,nan
4215,52.6875,2.186221913e-06,1.746780795e-06,nan,nan,nan,nan
4216,52.7,2.186296443e-06,1.746846179e-06,nan,nan,nan,nan
4217,52.7125,2.186369744e-06,1.746910549e-06,nan,nan,nan,nan
4218,52.725,2.186441828e-06,1.746973919e-06,nan,nan,nan,nan
4219,52.7375,2.186512710e-06,1.747036303e-06,nan,nan,nan,nan
4220,52.75,2.186582409e-06,1.747097713e-06,nan,nan,nan,nan
4221,52.7625,2.186650938e-06,1.747158153e-06,nan,nan,nan,nan
4222,52.775,2.186718311e-06,1.747217643e-06,nan,nan,nan,nan
4223,52.7875,2.186784545e-06,1.747276197e-06,nan,nan,nan,nan
4224,52.8,2.186849655e-06,1.747333822e-06,nan,nan,nan,nan
4225,52.8125,2.186913652e-06,1.747390525e-06,nan,nan,nan,nan
4226,52.825,2.186976553e-06,1.747446323e-06,nan,nan,nan,nan
4227,52.8375,2.187038368e-06,1.747501217e-06,nan,nan,nan,nan
4228,52.85,2.187099113e-06,1.747555238e-06,nan,nan,nan,nan
4229,52.8625,2.187158803e-06,1.747608379e-06,nan,nan,nan,nan
4230,52.875,2.187217457e-06,1.747660669e-06,nan,nan,nan,nan
4231,52.8875,2.187275088e-06,1.747712105e-06,nan,nan,nan,nan
4232,52.9,2.187331710e-06,1.747762703e-06,nan,nan,nan,nan
4233,52.9125,2.187387328e-06,1.747812456e-06,nan,nan,nan,nan
4234,52.925,2.187441949e-06,1.747861387e-06,nan,nan,nan,nan
4235,52.9375,2.187495590e-06,1.747909509e-06,nan,nan,nan,nan
4236,52.95,2.187548274e-06,1.747956842e-06,nan,nan,nan,nan
4237,52.9625,2.187600022e-06,1.748003395e-06,nan,nan,nan,nan
4238,52.975,2.187650845e-06,1.748049167e-06,nan,nan,nan,nan
4239,52.9875,2.187700745e-06,1.748094161e-06,nan,nan,nan,nan
4240,53,2.187749722e-06,1.748138385e-06,nan,nan,nan,nan
4241,53.0125,2.187797791e-06,1.748181854e-06,nan,nan,nan,nan
4242,53.025,2.187844976e-06,1.748224599e-06,nan,nan,nan,nan
4243,53.0375,2.187891305e-06,1.748266634e-06,nan,nan,nan,nan
4244,53.05,2.187936787e-06,1.748307943e-06,nan,nan,nan,nan
4245,53.0625,2.187981422e-06,1.748348533e-06,nan,nan,nan,nan
4246,53.075,2.188025206e-06,1.748388399e-06,nan,nan,nan,nan
4247,53.0875,2.188068155e-06,1.748427580e-06,nan,nan,nan,nan
4248,53.1,2.188110289e-06,1.748466089e-06,nan,nan,nan,nan
4249,53.1125,2.188151632e-06,1.748503927e-06,nan,nan,nan,nan
4250,53.125,2.188192197e-06,1.748541111e-06,nan,nan,nan,nan
4251,53.1375,2.188231983e-06,1.748577622e-06,nan,nan,nan,nan
4252,53.15,2.188270998e-06,1.748613485e-06,nan,nan,nan,nan
4253,53.1625,2.188309250e-06,1.748648712e-06,nan,nan,nan,nan
4254,53.175,2.188346759e-06,1.748683312e-06,nan,nan,nan,nan
4255,53.1875,2.188383539e-06,1.748717293e-06,nan,nan,nan,nan
4256,53.2,2.188419593e-06,1.748750653e-06,nan,nan,nan,nan
4257,53.2125,2.188454930e-06,1.748783411e-06,nan,nan,nan,nan
4258,53.225,2.188489564e-06,1.748815574e-06,nan,nan,nan,nan
4259,53.2375,2.188523512e-06,1.748847161e-06,nan,nan,nan,nan
4260,53.25,2.188556786e-06,1.748878167e-06,nan,nan,nan,nan
4261,53.2625,2.188589387e-06,1.748908591e-06,nan,nan,nan,nan
4262,53.275,2.188621316e-06,1.748938441e-06,nan,nan,nan,nan
4263,53.2875,2.188652588e-06,1.748967749e-06,nan,nan,nan,nan
4264,53.3,2.188683222e-06,1.748996515e-06,nan,nan,nan,nan
4265,53.3125,2.188713240e-06,1.749024755e-06,nan,nan,nan,nan
4266,53.325,2.188742642e-06,1.749052454e-06,nan,nan,nan,nan
4267,53.3375,2.188771426e-06,1.749079619e-06,nan,nan,nan,nan
4268,53.35,2.188799593e-06,1.749106260e-06,nan,nan,nan,nan
4269,53.3625,2.188827158e-06,1.749132393e-06,nan,nan,nan,nan
4270,53.375,2.188854144e-06,1.749158040e-06,nan,nan,nan,nan
4271,53.3875,2.188880568e-06,1.749183201e-06,nan,nan,nan,nan
4272,53.4,2.188906435e-06,1.749207871e-06,nan,nan,nan,nan
4273,53.4125,2.188931739e-06,1.749232048e-06,nan,nan,nan,nan
4274,53.425,2.188956481e-06,1.749255748e-06,nan,nan,nan,nan
4275,53.4375,2.188980675e-06,1.749278986e-06,nan,nan,nan,nan
4276,53.45,2.189004344e-06,1.749301778e-06,nan,nan,nan,nan
4277,53.4625,2.189027504e-06,1.749324126e-06,nan,nan,nan,nan
4278,53.475,2.189050160e-06,1.749346031e-06,nan,nan,nan,nan
4279,53.4875,2.189072304e-06,1.749367484e-06,nan,nan,nan,nan
4280,53.5,2.189093935e-06,1.749388494e-06,nan,nan,nan,nan
4281,53.5125,2.189115067e-06,1.749409084e-06,nan,nan,nan,nan
4282,53.525,2.189135720e-06,1.749429267e-06,nan,nan,nan,nan
4283,53.5375,2.189155918e-06,1.749449058e-06,nan,nan,nan,nan
4284,53.55,2.189175657e-06,1.749468434e-06,nan,nan,nan,nan
4285,53.5625,2.189194939e-06,1.749487406e-06,nan,nan,nan,nan
4286,53.575,2.189213755e-06,1.749505968e-06,nan,nan,nan,nan
4287,53.5875,2.189232120e-06,1.749524156e-06,nan,nan,nan,nan
4288,53.6,2.189250056e-06,1.749541973e-06,nan,nan,nan,nan
4289,53.6125,2.189267572e-06,1.749559424e-06,nan,nan,nan,nan
4290,53.625,2.189284673e-06,1.749576502e-06,nan,nan,nan,nan
4291,53.6375,2.189301357e-06,1.749593206e-06,nan,nan,nan,nan
4292,53.65,2.189317625e-06,1.749609555e-06,nan,nan,nan,nan
4293,53.6625,2.189333491e-06,1.749625556e-06,nan,nan,nan,nan
4294,53.675,2.189348972e-06,1.749641220e-06,nan,nan,nan,nan
4295,53.6875,2.189364072e-06,1.749656549e-06,nan,nan,nan,nan
4296,53.7,2.189378794e-06,1.749671540e-06,nan,nan,nan,nan
4297,53.7125,2.189393140e-06,1.749686197e-06,nan,nan,nan,nan
4298,53.725,2.189407119e-06,1.749700542e-06,nan,nan,nan,nan
4299,53.7375,2.189420741e-06,1.749714561e-06,nan,nan,nan,nan
4300,53.75,2.189434014e-06,1.749728279e-06,nan,nan,nan,nan
4301,53.7625,2.189446938e-06,1.749741680e-06,nan,nan,nan,nan
4302,53.775,2.189459522e-06,1.749754787e-06,nan,nan,nan,nan
4303,53.7875,2.189471772e-06,1.749767600e-06,nan,nan,nan,nan
4304,53.8,2.189483695e-06,1.749780115e-06,nan,nan,nan,nan
4305,53.8125,2.189495299e-06,1.749792348e-06,nan,nan,nan,nan
4306,53.825,2.189506584e-06,1.749804286e-06,nan,nan,nan,nan
4307,53.8375,2.189517555e-06,1.749815958e-06,nan,nan,nan,nan
4308,53.85,2.189528224e-06,1.749827368e-06,nan,nan,nan,nan
4309,53.8625,2.189538604e-06,1.749838515e-06,nan,nan,nan,nan
4310,53.875,2.189548697e-06,1.749849392e-06,nan,nan,nan,nan
4311,53.8875,2.189558498e-06,1.749859997e-06,nan,nan,nan,nan
4312,53.9,2.189568003e-06,1.749870339e-06,nan,nan,nan,nan
4313,53.9125,2.189577223e-06,1.749880439e-06,nan,nan,nan,nan
4314,53.925,2.189586180e-06,1.749890315e-06,nan,nan,nan,nan
4315,53.9375,2.189594887e-06,1.749899962e-06,nan,nan,nan,nan
4316,53.95,2.189603344e-06,1.749909362e-06,nan,nan,nan,nan
4317,53.9625,2.189611538e-06,1.749918506e-06,nan,nan,nan,nan
4318,53.975,2.189619465e-06,1.749927419e-06,nan,nan,nan,nan
4319,53.9875,2.189627135e-06,1.749936109e-06,nan,nan,nan,nan
4320,54,2.189634572e-06,1.749944607e-06,nan,nan,nan,nan
4321,54.0125,2.189641790e-06,1.749952890e-06,nan,nan,nan,nan
4322,54.025,2.189648788e-06,1.749960963e-06,nan,nan,nan,nan
4323,54.0375,2.189655555e-06,1.749968805e-06,nan,nan,nan,nan
4324,54.05,2.189662083e-06,1.749976430e-06,nan,nan,nan,nan
4325,54.0625,2.189668382e-06,1.749984174e-06,nan,nan,nan,nan
4326,54.075,2.189674470e-06,1.749991993e-06,nan,nan,nan,nan
4327,54.0875,2.189680366e-06,1.749999598e-06,nan,nan,nan,nan
4328,54.1,2.189686067e-06,1.750007006e-06,nan,nan,nan,nan
4329,54.1125,2.189691566e-06,1.750014230e-06,nan,nan,nan,nan
4330,54.125,2.189696859e-06,1.750021273e-06,nan,nan,nan,nan
4331,54.1375,2.189701948e-06,1.750028121e-06,nan,nan,nan,nan
4332,54.15,2.189706855e-06,1.750034770e-06,nan,nan,nan,nan
4333,54.1625,2.189711591e-06,1.750041230e-06,nan,nan,nan,nan
4334,54.175,2.189716155e-06,1.750047516e-06,nan,nan,nan,nan
4335,54.1875,2.189720535e-06,1.750053638e-06,nan,nan,nan,nan
4336,54.2,2.189724732e-06,1.750059591e-06,nan,nan,nan,nan
4337,54.2125,2.189728756e-06,1.750065370e-06,nan,nan,nan,nan
4338,54.225,2.189732627e-06,1.750070971e-06,nan,nan,nan,nan
4339,54.2375,2.189736347e-06,1.750076406e-06,nan,nan,nan,nan
4340,54.25,2.189739913e-06,1.750081693e-06,nan,nan,nan,nan
4341,54.2625,2.189743313e-06,1.750086830e-06,nan,nan,nan,nan
4342,54.275,2.189746556e-06,1.750091814e-06,nan,nan,nan,nan
4343,54.2875,2.189749656e-06,1.750096641e-06,nan,nan,nan,nan
4344,54.3,2.189752624e-06,1.750101314e-06,nan,nan,nan,nan
4345,54.3125,2.189755454e-06,1.750105847e-06,nan,nan,nan,nan
4346,54.325,2.189758140e-06,1.750110246e-06,nan,nan,nan,nan
4347,54.3375,2.189760681e-06,1.750114506e-06,nan,nan,nan,nan
4348,54.35,2.189763093e-06,1.750118623e-06,nan,nan,nan,nan
4349,54.3625,2.189765391e-06,1.750122599e-06,nan,nan,nan,nan
4350,54.375,2.189767575e-06,1.750126449e-06,nan,nan,nan,nan
4351,54.3875,2.189769633e-06,1.750130185e-06,nan,nan,nan,nan
4352,54.4,2.189771556e-06,1.750133802e-06,nan,nan,nan,nan
4353,54.4125,2.189773360e-06,1.750137291e-06,nan,nan,nan,nan
4354,54.425,2.189775058e-06,1.750140644e-06,nan,nan,nan,nan
4355,54.4375,2.189776664e-06,1.750143876e-06,nan,nan,nan,nan
4356,54.45,2.189778168e-06,1.750147006e-06,nan,nan,nan,nan
4357,54.4625,2.189779558e-06,1.750150041e-06,nan,nan,nan,nan
4358,54.475,2.189780832e-06,1.750152972e-06,nan,nan,nan,nan
4359,54.4875,2.189781998e-06,1.750155780e-06,nan,nan,nan,nan
4360,54.5,2.189783082e-06,1.750158466e-06,nan,nan,nan,nan
4361,54.5125,2.189784085e-06,1.750161046e-06,nan,nan,nan,nan
4362,54.525,2.189785003e-06,1.750163542e-06,nan,nan,nan,nan
4363,54.5375,2.189785823e-06,1.750165957e-06,nan,nan,nan,nan
4364,54.55,2.189786546e-06,1.750168282e-06,nan,nan,nan,nan
4365,54.5625,2.189787179e-06,1.750170503e-06,nan,nan,nan,nan
4366,54.575,2.189787738e-06,1.750172617e-06,nan,nan,nan,nan
4367,54.5875,2.189788225e-06,1.750174639e-06,nan,nan,nan,nan
4368,54.6,2.189788637e-06,1.750176584e-06,nan,nan,nan,nan
4369,54.6125,2.189789800e-06,1.750178455e-06,nan,nan,nan,nan
4370,54.625,2.189790974e-06,1.750180246e-06,nan,nan,nan,nan
4371,54.6375,2.189792049e-06,1.750181952e-06,nan,nan,nan,nan
4372,54.65,2.189793019e-06,1.750183571e-06,nan,nan,nan,nan
4373,54.6625,2.189793888e-06,1.750185113e-06,nan,nan,nan,nan
4374,54.675,2.189794669e-06,1.750186586e-06,nan,nan,nan,nan
4375,54.6875,2.189795373e-06,1.750187992e-06,nan,nan,nan,nan
4376,54.7,2.189795999e-06,1.750189327e-06,nan,nan,nan,nan
4377,54.7125,2.189796535e-06,1.750190589e-06,nan,nan,nan,nan
4378,54.725,2.189796976e-06,1.750191784e-06,nan,nan,nan,nan
4379,54.7375,2.189797328e-06,1.750192915e-06,nan,nan,nan,nan
4380,54.75,2.189797609e-06,1.750193983e-06,nan,nan,nan,nan
4381,54.7625,2.189797828e-06,1.750194987e-06,nan,nan,nan,nan
4382,54.775,2.189798017e-06,1.750195926e-06,nan,nan,nan,nan
4383,54.7875,2.189798950e-06,1.750196806e-06,nan,nan,nan,nan
4384,54.8,2.189799793e-06,1.750197634e-06,nan,nan,nan,nan
4385,54.8125,2.189800556e-06,1.750198413e-06,nan,nan,nan,nan
4386,54.825,2.189801237e-06,1.750199136e-06,nan,nan,nan,nan
4387,54.8375,2.189802341e-06,1.750199798e-06,nan,nan,nan,nan
4388,54.85,2.189803924e-06,1.750200401e-06,nan,nan,nan,nan
4389,54.8625,2.189805387e-06,1.750201089e-06,nan,nan,nan,nan
4390,54.875,2.189806724e-06,1.750202221e-06,nan,nan,nan,nan
4391,54.8875,2.189807942e-06,1.750203285e-06,nan,nan,nan,nan
4392,54.9,2.189809516e-06,1.750204282e-06,nan,nan,nan,nan
4393,54.9125,2.189811867e-06,1.750205217e-06,nan,nan,nan,nan
4394,54.925,2.189814071e-06,1.750206092e-06,nan,nan,nan,nan
4395,54.9375,2.189816130e-06,1.750206905e-06,nan,nan,nan,nan
4396,54.95,2.189818057e-06,1.750207656e-06,nan,nan,nan,nan
4397,54.9625,2.189819862e-06,1.750208411e-06,nan,nan,nan,nan
4398,54.975,2.189821549e-06,1.750209747e-06,nan,nan,nan,nan
4399,54.9875,2.189823114e-06,1.750211006e-06,nan,nan,nan,nan
4400,55,2.189824559e-06,1.750212192e-06,nan,nan,nan,nan
4401,55.0125,2.189825882e-06,1.750213310e-06,nan,nan,nan,nan
4402,55.025,2.189827095e-06,1.750214368e-06,nan,nan,nan,nan
4403,55.0375,2.189828201e-06,1.750215366e-06,nan,nan,nan,nan
4404,55.05,2.189829502e-06,1.750216295e-06,nan,nan,nan,nan
4405,55.0625,2.189831716e-06,1.750217155e-06,nan,nan,nan,nan
4406,55.075,2.189833802e-06,1.750217947e-06,nan,nan,nan,nan
4407,55.0875,2.189835750e-06,1.750218681e-06,nan,nan,nan,nan
4408,55.1,2.189837553e-06,1.750219368e-06,nan,nan,nan,nan
4409,55.1125,2.189839220e-06,1.750220007e-06,nan,nan,nan,nan
4410,55.125,2.189840763e-06,1.750220592e-06,nan,nan,nan,nan
4411,55.1375,2.189842194e-06,1.750221117e-06,nan,nan,nan,nan
4412,55.15,2.189843513e-06,1.750221583e-06,nan,nan,nan,nan
4413,55.1625,2.189844716e-06,1.750221998e-06,nan,nan,nan,nan
4414,55.175,2.189845803e-06,1.750222368e-06,nan,nan,nan,nan
4415,55.1875,2.189846778e-06,1.750222692e-06,nan,nan,nan,nan
4416,55.2,2.189847652e-06,1.750222982e-06,nan,nan,nan,nan
4417,55.2125,2.189848425e-06,1.750223774e-06,nan,nan,nan,nan
4418,55.225,2.189849095e-06,1.750224514e-06,nan,nan,nan,nan
4419,55.2375,2.189849661e-06,1.750225193e-06,nan,nan,nan,nan
4420,55.25,2.189850129e-06,1.750225798e-06,nan,nan,nan,nan
4421,55.2625,2.189850724e-06,1.750226342e-06,nan,nan,nan,nan
4422,55.275,2.189852139e-06,1.750226836e-06,nan,nan,nan,nan
4423,55.2875,2.189853435e-06,1.750227292e-06,nan,nan,nan,nan
4424,55.3,2.189854617e-06,1.750227702e-06,nan,nan,nan,nan
4425,55.3125,2.189855686e-06,1.750228056e-06,nan,nan,nan,nan
4426,55.325,2.189856647e-06,1.750228344e-06,nan,nan,nan,nan
4427,55.3375,2.189857498e-06,1.750228578e-06,nan,nan,nan,nan
4428,55.35,2.189858240e-06,1.750228775e-06,nan,nan,nan,nan
4429,55.3625,2.189858876e-06,1.750228944e-06,nan,nan,nan,nan
4430,55.375,2.189859409e-06,1.750229080e-06,nan,nan,nan,nan
4431,55.3875,2.189859845e-06,1.750229169e-06,nan,nan,nan,nan
4432,55.4,2.189860188e-06,1.750229202e-06,nan,nan,nan,nan
4433,55.4125,2.189860438e-06,1.750229183e-06,nan,nan,nan,nan
4434,55.425,2.189860603e-06,1.750229126e-06,nan,nan,nan,nan
4435,55.4375,2.189861575e-06,1.750229039e-06,nan,nan,nan,nan
4436,55.45,2.189862621e-06,1.750228924e-06,nan,nan,nan,nan
4437,55.4625,2.189863552e-06,1.750229012e-06,nan,nan,nan,nan
4438,55.475,2.189864373e-06,1.750229246e-06,nan,nan,nan,nan
4439,55.4875,2.189865089e-06,1.750229429e-06,nan,nan,nan,nan
4440,55.5,2.189865703e-06,1.750229557e-06,nan,nan,nan,nan
4441,55.5125,2.189866209e-06,1.750229635e-06,nan,nan,nan,nan
4442,55.525,2.189866606e-06,1.750229676e-06,nan,nan,nan,nan
4443,55.5375,2.189866901e-06,1.750230623e-06,nan,nan,nan,nan
4444,55.55,2.189867107e-06,1.750231803e-06,nan,nan,nan,nan
4445,55.5625,2.189867231e-06,1.750232901e-06,nan,nan,nan,nan
4446,55.575,2.189867274e-06,1.750233917e-06,nan,nan,nan,nan
4447,55.5875,2.189867232e-06,1.750234857e-06,nan,nan,nan,nan
4448,55.6,2.189867093e-06,1.750235733e-06,nan,nan,nan,nan
4449,55.6125,2.189866864e-06,1.750236549e-06,nan,nan,nan,nan
4450,55.625,2.189866555e-06,1.750237725e-06,nan,nan,nan,nan
4451,55.6375,2.189866175e-06,1.750238982e-06,nan,nan,nan,nan
4452,55.65,2.189865730e-06,1.750240161e-06,nan,nan,nan,nan
4453,55.6625,2.189865214e-06,1.750241255e-06,nan,nan,nan,nan
4454,55.675,2.189864621e-06,1.750242266e-06,nan,nan,nan,nan
4455,55.6875,2.189863952e-06,1.750243258e-06,nan,nan,nan,nan
4456,55.7,2.189863214e-06,1.750244353e-06,nan,nan,nan,nan
4457,55.7125,2.189862416e-06,1.750245359e-06,nan,nan,nan,nan
4458,55.725,2.189861566e-06,1.750246289e-06,nan,nan,nan,nan
4459,55.7375,2.189860662e-06,1.750247153e-06,nan,nan,nan,nan
4460,55.75,2.189859700e-06,1.750247955e-06,nan,nan,nan,nan
4461,55.7625,2.189858679e-06,1.750248694e-06,nan,nan,nan,nan
4462,55.775,2.189857602e-06,1.750249364e-06,nan,nan,nan,nan
4463,55.7875,2.189856473e-06,1.750249963e-06,nan,nan,nan,nan
4464,55.8,2.189855293e-06,1.750250495e-06,nan,nan,nan,nan
4465,55.8125,2.189854066e-06,1.750250964e-06,nan,nan,nan,nan
4466,55.825,2.189852796e-06,1.750251374e-06,nan,nan,nan,nan
4467,55.8375,2.189851481e-06,1.750251727e-06,nan,nan,nan,nan
4468,55.85,2.189850124e-06,1.750252024e-06,nan,nan,nan,nan
4469,55.8625,2.189848728e-06,1.750252266e-06,nan,nan,nan,nan
4470,55.875,2.189847294e-06,1.750252456e-06,nan,nan,nan,nan
4471,55.8875,2.189845821e-06,1.750252595e-06,nan,nan,nan,nan
4472,55.9,2.189844309e-06,1.750252682e-06,nan,nan,nan,nan
4473,55.9125,2.189842760e-06,1.750252720e-06,nan,nan,nan,nan
4474,55.925,2.189841176e-06,1.750252707e-06,nan,nan,nan,nan
4475,55.9375,2.189839560e-06,1.750252645e-06,nan,nan,nan,nan
4476,55.95,2.189837919e-06,1.750252539e-06,nan,nan,nan,nan
4477,55.9625,2.189836251e-06,1.750252389e-06,nan,nan,nan,nan
4478,55.975,2.189834559e-06,1.750252200e-06,nan,nan,nan,nan
4479,55.9875,2.189832838e-06,1.750251973e-06,nan,nan,nan,nan
4480,56,2.189831088e-06,1.750251707e-06,nan,nan,nan,nan
4481,56.0125,2.189829315e-06,1.750251402e-06,nan,nan,nan,nan
4482,56.025,2.189827523e-06,1.750251057e-06,nan,nan,nan,nan
4483,56.0375,2.189825717e-06,1.750250678e-06,nan,nan,nan,nan
4484,56.05,2.189823893e-06,1.750250266e-06,nan,nan,nan,nan
4485,56.0625,2.189822047e-06,1.750249825e-06,nan,nan,nan,nan
4486,56.075,2.189820175e-06,1.750249354e-06,nan,nan,nan,nan
4487,56.0875,2.189818281e-06,1.750248847e-06,nan,nan,nan,nan
4488,56.1,2.189816375e-06,1.750248304e-06,nan,nan,nan,nan
4489,56.1125,2.189814462e-06,1.750247730e-06,nan,nan,nan,nan
4490,56.125,2.189812542e-06,1.750247130e-06,nan,nan,nan,nan
4491,56.1375,2.189810608e-06,1.750246508e-06,nan,nan,nan,nan
4492,56.15,2.189808657e-06,1.750245864e-06,nan,nan,nan,nan
4493,56.1625,2.189806693e-06,1.750245193e-06,nan,nan,nan,nan
4494,56.175,2.189804721e-06,1.750244497e-06,nan,nan,nan,nan
4495,56.1875,2.189802747e-06,1.750243777e-06,nan,nan,nan,nan
4496,56.2,2.189800768e-06,1.750243036e-06,nan,nan,nan,nan
4497,56.2125,2.189798775e-06,1.750242277e-06,nan,nan,nan,nan
4498,56.225,2.189796771e-06,1.750241498e-06,nan,nan,nan,nan
4499,56.2375,2.189794761e-06,1.750240693e-06,nan,nan,nan,nan
4500,56.25,2.189792754e-06,1.750239867e-06,nan,nan,nan,nan
4501,56.2625,2.189790753e-06,1.750239025e-06,nan,nan,nan,nan
4502,56.275,2.189788752e-06,1.750238174e-06,nan,nan,nan,nan
4503,56.2875,2.189786744e-06,1.750237316e-06,nan,nan,nan,nan
4504,56.3,2.189784726e-06,1.750236443e-06,nan,nan,nan,nan
4505,56.3125,2.189782703e-06,1.750235548e-06,nan,nan,nan,nan
4506,56.325,2.189780684e-06,1.750234631e-06,nan,nan,nan,nan
4507,56.3375,2.189778671e-06,1.750233700e-06,nan,nan,nan,nan
4508,56.35,2.189776664e-06,1.750232761e-06,nan,nan,nan,nan
4509,56.3625,2.189774653e-06,1.750231815e-06,nan,nan,nan,nan
4510,56.375,2.189772640e-06,1.750230862e-06,nan,nan,nan,nan
4511,56.3875,2.189770627e-06,1.750229894e-06,nan,nan,nan,nan
4512,56.4,2.189768620e-06,1.750228911e-06,nan,nan,nan,nan
4513,56.4125,2.189766622e-06,1.750227916e-06,nan,nan,nan,nan
4514,56.425,2.189764631e-06,1.750226916e-06,nan,nan,nan,nan
4515,56.4375,2.189762647e-06,1.750225913e-06,nan,nan,nan,nan
4516,56.45,2.189760670e-06,1.750224907e-06,nan,nan,nan,nan
4517,56.4625,2.189758697e-06,1.750223895e-06,nan,nan,nan,nan
4518,56.475,2.189756731e-06,1.750222877e-06,nan,nan,nan,nan
4519,56.4875,2.189754768e-06,1.750221855e-06,nan,nan,nan,nan
4520,56.5,2.189752806e-06,1.750220822e-06,nan,nan,nan,nan
4521,56.5125,2.189750851e-06,1.750219779e-06,nan,nan,nan,nan
4522,56.525,2.189748910e-06,1.750218730e-06,nan,nan,nan,nan
4523,56.5375,2.189746983e-06,1.750217678e-06,nan,nan,nan,nan
4524,56.55,2.189745072e-06,1.750216630e-06,nan,nan,nan,nan
4525,56.5625,2.189743167e-06,1.750215588e-06,nan,nan,nan,nan
4526,56.575,2.189741265e-06,1.750214545e-06,nan,nan,nan,nan
4527,56.5875,2.189739368e-06,1.750213495e-06,nan,nan,nan,nan
4528,56.6,2.189737480e-06,1.750212435e-06,nan,nan,nan,nan
4529,56.6125,2.189735609e-06,1.750211371e-06,nan,nan,nan,nan
4530,56.625,2.189733753e-06,1.750210309e-06,nan,nan,nan,nan
4531,56.6375,2.189731908e-06,1.750209254e-06,nan,nan,nan,nan
4532,56.65,2.189730069e-06,1.750208202e-06,nan,nan,nan,nan
4533,56.6625,2.189728239e-06,1.750207147e-06,nan,nan,nan,nan
4534,56.675,2.189726422e-06,1.750206088e-06,nan,nan,nan,nan
4535,56.6875,2.189724623e-06,1.750205027e-06,nan,nan,nan,nan
4536,56.7,2.189722840e-06,1.750203971e-06,nan,nan,nan,nan
4537,56.7125,2.189721072e-06,1.750202924e-06,nan,nan,nan,nan
4538,56.725,2.189719314e-06,1.750201883e-06,nan,nan,nan,nan
4539,56.7375,2.189717566e-06,1.750200844e-06,nan,nan,nan,nan
4540,56.75,2.189715829e-06,1.750199803e-06,nan,nan,nan,nan
4541,56.7625,2.189714106e-06,1.750198762e-06,nan,nan,nan,nan
4542,56.775,2.189712395e-06,1.750197723e-06,nan,nan,nan,nan
4543,56.7875,2.189710699e-06,1.750196689e-06,nan,nan,nan,nan
4544,56.8,2.189709016e-06,1.750195659e-06,nan,nan,nan,nan
4545,56.8125,2.189707347e-06,1.750194633e-06,nan,nan,nan,nan
4546,56.825,2.189705691e-06,1.750193608e-06,nan,nan,nan,nan
4547,56.8375,2.189704051e-06,1.750192588e-06,nan,nan,nan,nan
4548,56.85,2.189702427e-06,1.750191574e-06,nan,nan,nan,nan
4549,56.8625,2.189700821e-06,1.750190564e-06,nan,nan,nan,nan
4550,56.875,2.189699232e-06,1.750189564e-06,nan,nan,nan,nan
4551,56.8875,2.189697658e-06,1.750188572e-06,nan,nan,nan,nan
4552,56.9,2.189696089e-06,1.750187587e-06,nan,nan,nan,nan
4553,56.9125,2.189694530e-06,1.750186605e-06,nan,nan,nan,nan
4554,56.925,2.189692986e-06,1.750185621e-06,nan,nan,nan,nan
4555,56.9375,2.189691463e-06,1.750184637e-06,nan,nan,nan,nan
4556,56.95,2.189689966e-06,1.750183661e-06,nan,nan,nan,nan
4557,56.9625,2.189688487e-06,1.750182699e-06,nan,nan,nan,nan
4558,56.975,2.189687016e-06,1.750181754e-06,nan,nan,nan,nan
4559,56.9875,2.189685551e-06,1.750180819e-06,nan,nan,nan,nan
4560,57,2.189684093e-06,1.750179882e-06,nan,nan,nan,nan
4561,57.0125,2.189682656e-06,1.750178941e-06,nan,nan,nan,nan
4562,57.025,2.189681246e-06,1.750177998e-06,nan,nan,nan,nan
4563,57.0375,2.189679854e-06,1.750177068e-06,nan,nan,nan,nan
4564,57.05,2.189678472e-06,1.750176158e-06,nan,nan,nan,nan
4565,57.0625,2.189677096e-06,1.750175261e-06,nan,nan,nan,nan
4566,57.075,2.189675727e-06,1.750174367e-06,nan,nan,nan,nan
4567,57.0875,2.189674377e-06,1.750173469e-06,nan,nan,nan,nan
4568,57.1,2.189673052e-06,1.750172568e-06,nan,nan,nan,nan
4569,57.1125,2.189671750e-06,1.750171678e-06,nan,nan,nan,nan
4570,57.125,2.189670462e-06,1.750170807e-06,nan,nan,nan,nan
4571,57.1375,2.189669183e-06,1.750169954e-06,nan,nan,nan,nan
4572,57.15,2.189667913e-06,1.750169108e-06,nan,nan,nan,nan
4573,57.1625,2.189666660e-06,1.750168265e-06,nan,nan,nan,nan
4574,57.175,2.189665427e-06,1.750167422e-06,nan,nan,nan,nan
4575,57.1875,2.189664211e-06,1.750166585e-06,nan,nan,nan,nan
4576,57.2,2.189663005e-06,1.750165760e-06,nan,nan,nan,nan
4577,57.2125,2.189661809e-06,1.750164945e-06,nan,nan,nan,nan
4578,57.225,2.189660626e-06,1.750164138e-06,nan,nan,nan,nan
4579,57.2375,2.189659462e-06,1.750163336e-06,nan,nan,nan,nan
4580,57.25,2.189658318e-06,1.750162540e-06,nan,nan,nan,nan
4581,57.2625,2.189657191e-06,1.750161754e-06,nan,nan,nan,nan
4582,57.275,2.189656076e-06,1.750160979e-06,nan,nan,nan,nan
4583,57.2875,2.189654970e-06,1.750160215e-06,nan,nan,nan,nan
4584,57.3,2.189653874e-06,1.750159457e-06,nan,nan,nan,nan
4585,57.3125,2.189652793e-06,1.750158703e-06,nan,nan,nan,nan
4586,57.325,2.189651728e-06,1.750157956e-06,nan,nan,nan,nan
4587,57.3375,2.189650680e-06,1.750157214e-06,nan,nan,nan,nan
4588,57.35,2.189649648e-06,1.750156482e-06,nan,nan,nan,nan
4589,57.3625,2.189648631e-06,1.750155762e-06,nan,nan,nan,nan
4590,57.375,2.189647626e-06,1.750155052e-06,nan,nan,nan,nan
4591,57.3875,2.189646636e-06,1.750154350e-06,nan,nan,nan,nan
4592,57.4,2.189645660e-06,1.750153658e-06,nan,nan,nan,nan
4593,57.4125,2.189644694e-06,1.750152971e-06,nan,nan,nan,nan
4594,57.425,2.189643745e-06,1.750152293e-06,nan,nan,nan,nan
4595,57.4375,2.189642810e-06,1.750151623e-06,nan,nan,nan,nan
4596,57.45,2.189641888e-06,1.750150960e-06,nan,nan,nan,nan
4597,57.4625,2.189640976e-06,1.750150307e-06,nan,nan,nan,nan
4598,57.475,2.189640074e-06,1.750149661e-06,nan,nan,nan,nan
4599,57.4875,2.189639182e-06,1.750149020e-06,nan,nan,nan,nan
4600,57.5,2.189638305e-06,1.750148385e-06,nan,nan,nan,nan
4601,57.5125,2.189637445e-06,1.750147756e-06,nan,nan,nan,nan
4602,57.525,2.189636599e-06,1.750147137e-06,nan,nan,nan,nan
4603,57.5375,2.189635767e-06,1.750146528e-06,nan,nan,nan,nan
4604,57.55,2.189634947e-06,1.750145929e-06,nan,nan,nan,nan
4605,57.5625,2.189634138e-06,1.750145339e-06,nan,nan,nan,nan
4606,57.575,2.189633342e-06,1.750144756e-06,nan,nan,nan,nan
4607,57.5875,2.189632557e-06,1.750144183e-06,nan,nan,nan,nan
4608,57.6,2.189631783e-06,1.750143616e-06,nan,nan,nan,nan
4609,57.6125,2.189631015e-06,1.750143055e-06,nan,nan,nan,nan
4610,57.625,2.189630261e-06,1.750142495e-06,nan,nan,nan,nan
4611,57.6375,2.189629522e-06,1.750141942e-06,nan,nan,nan,nan
4612,57.65,2.189628803e-06,1.750141398e-06,nan,nan,nan,nan
4613,57.6625,2.189628096e-06,1.750140869e-06,nan,nan,nan,nan
4614,57.675,2.189627396e-06,1.750140357e-06,nan,nan,nan,nan
4615,57.6875,2.189626697e-06,1.750139850e-06,nan,nan,nan,nan
4616,57.7,2.189626006e-06,1.750139340e-06,nan,nan,nan,nan
4617,57.7125,2.189625331e-06,1.750138828e-06,nan,nan,nan,nan
4618,57.725,2.189624673e-06,1.750138322e-06,nan,nan,nan,nan
4619,57.7375,2.189624029e-06,1.750137830e-06,nan,nan,nan,nan
4620,57.75,2.189623391e-06,1.750137353e-06,nan,nan,nan,nan
4621,57.7625,2.189622755e-06,1.750136887e-06,nan,nan,nan,nan
4622,57.775,2.189622127e-06,1.750136421e-06,nan,nan,nan,nan
4623,57.7875,2.189621513e-06,1.750135950e-06,nan,nan,nan,nan
4624,57.8,2.189620917e-06,1.750135484e-06,nan,nan,nan,nan
4625,57.8125,2.189620336e-06,1.750135030e-06,nan,nan,nan,nan
4626,57.825,2.189619763e-06,1.750134593e-06,nan,nan,nan,nan
4627,57.8375,2.189619196e-06,1.750134168e-06,nan,nan,nan,nan
4628,57.85,2.189618636e-06,1.750133748e-06,nan,nan,nan,nan
4629,57.8625,2.189618085e-06,1.750133327e-06,nan,nan,nan,nan
4630,57.875,2.189617644e-06,1.750132910e-06,nan,nan,nan,nan
4631,57.8875,2.189617225e-06,1.750132498e-06,nan,nan,nan,nan
4632,57.9,2.189616823e-06,1.750132095e-06,nan,nan,nan,nan
4633,57.9125,2.189616427e-06,1.750131696e-06,nan,nan,nan,nan
4634,57.925,2.189616030e-06,1.750131304e-06,nan,nan,nan,nan
4635,57.9375,2.189615635e-06,1.750130918e-06,nan,nan,nan,nan
4636,57.95,2.189615249e-06,1.750130541e-06,nan,nan,nan,nan
4637,57.9625,2.189614880e-06,1.750130173e-06,nan,nan,nan,nan
4638,57.975,2.189614526e-06,1.750129810e-06,nan,nan,nan,nan
4639,57.9875,2.189614178e-06,1.750129447e-06,nan,nan,nan,nan
4640,58,2.189613826e-06,1.750129086e-06,nan,nan,nan,nan
4641,58.0125,2.189613473e-06,1.750128732e-06,nan,nan,nan,nan
4642,58.025,2.189613121e-06,1.750128387e-06,nan,nan,nan,nan
4643,58.0375,2.189612783e-06,1.750128051e-06,nan,nan,nan,nan
4644,58.05,2.189612458e-06,1.750127719e-06,nan,nan,nan,nan
4645,58.0625,2.189612139e-06,1.750127388e-06,nan,nan,nan,nan
4646,58.075,2.189611826e-06,1.750127061e-06,nan,nan,nan,nan
4647,58.0875,2.189611517e-06,1.750126743e-06,nan,nan,nan,nan
4648,58.1,2.189611214e-06,1.750126439e-06,nan,nan,nan,nan
4649,58.1125,2.189610920e-06,1.750126141e-06,nan,nan,nan,nan
4650,58.125,2.189610630e-06,1.750125844e-06,nan,nan,nan,nan
4651,58.1375,2.189610343e-06,1.750125544e-06,nan,nan,nan,nan
4652,58.15,2.189610060e-06,1.750125246e-06,nan,nan,nan,nan
4653,58.1625,2.189609784e-06,1.750124956e-06,nan,nan,nan,nan
4654,58.175,2.189609516e-06,1.750124677e-06,nan,nan,nan,nan
4655,58.1875,2.189609255e-06,1.750124406e-06,nan,nan,nan,nan
4656,58.2,2.189609023e-06,1.750124133e-06,nan,nan,nan,nan
4657,58.2125,2.189608828e-06,1.750123858e-06,nan,nan,nan,nan
4658,58.225,2.189608638e-06,1.750123585e-06,nan,nan,nan,nan
4659,58.2375,2.189608448e-06,1.750123323e-06,nan,nan,nan,nan
4660,58.25,2.189608262e-06,1.750123074e-06,nan,nan,nan,nan
4661,58.2625,2.189608084e-06,1.750122834e-06,nan,nan,nan,nan
4662,58.275,2.189607915e-06,1.750122597e-06,nan,nan,nan,nan
4663,58.2875,2.189607747e-06,1.750122358e-06,nan,nan,nan,nan
4664,58.3,2.189607572e-06,1.750122115e-06,nan,nan,nan,nan
4665,58.3125,2.189607393e-06,1.750121875e-06,nan,nan,nan,nan
4666,58.325,2.189607217e-06,1.750121642e-06,nan,nan,nan,nan
4667,58.3375,2.189607058e-06,1.750121418e-06,nan,nan,nan,nan
4668,58.35,2.189606913e-06,1.750121204e-06,nan,nan,nan,nan
4669,58.3625,2.189606772e-06,1.750120997e-06,nan,nan,nan,nan
4670,58.375,2.189606621e-06,1.750120793e-06,nan,nan,nan,nan
4671,58.3875,2.189606462e-06,1.750120586e-06,nan,nan,nan,nan
4672,58.4,2.189606306e-06,1.750120374e-06,nan,nan,nan,nan
4673,58.4125,2.189606162e-06,1.750120165e-06,nan,nan,nan,nan
4674,58.425,2.189606031e-06,1.750119963e-06,nan,nan,nan,nan
4675,58.4375,2.189605901e-06,1.750119773e-06,nan,nan,nan,nan
4676,58.45,2.189605765e-06,1.750119592e-06,nan,nan,nan,nan
4677,58.4625,2.189605621e-06,1.750119410e-06,nan,nan,nan,nan
4678,58.475,2.189605480e-06,1.750119223e-06,nan,nan,nan,nan
4679,58.4875,2.189605353e-06,1.750119031e-06,nan,nan,nan,nan
4680,58.5,2.189605239e-06,1.750118845e-06,nan,nan,nan,nan
4681,58.5125,2.189605132e-06,1.750118674e-06,nan,nan,nan,nan
4682,58.525,2.189605021e-06,1.750118517e-06,nan,nan,nan,nan
4683,58.5375,2.189604904e-06,1.750118363e-06,nan,nan,nan,nan
4684,58.55,2.189604784e-06,1.750118206e-06,nan,nan,nan,nan
4685,58.5625,2.189604668e-06,1.750118042e-06,nan,nan,nan,nan
4686,58.575,2.189604557e-06,1.750117877e-06,nan,nan,nan,nan
4687,58.5875,2.189604449e-06,1.750117720e-06,nan,nan,nan,nan
4688,58.6,2.189604344e-06,1.750117572e-06,nan,nan,nan,nan
4689,58.6125,2.189604241e-06,1.750117429e-06,nan,nan,nan,nan
4690,58.625,2.189604139e-06,1.750117286e-06,nan,nan,nan,nan
4691,58.6375,2.189604038e-06,1.750117143e-06,nan,nan,nan,nan
4692,58.65,2.189603941e-06,1.750117001e-06,nan,nan,nan,nan
4693,58.6625,2.189603847e-06,1.750116867e-06,nan,nan,nan,nan
4694,58.675,2.189603755e-06,1.750116737e-06,nan,nan,nan,nan
4695,58.6875,2.189603669e-06,1.750116607e-06,nan,nan,nan,nan
4696,58.7,2.189603580e-06,1.750116477e-06,nan,nan,nan,nan
4697,58.7125,2.189603491e-06,1.750116346e-06,nan,nan,nan,nan
4698,58.725,2.189603400e-06,1.750116218e-06,nan,nan,nan,nan
4699,58.7375,2.189603313e-06,1.750116095e-06,nan,nan,nan,nan
4700,58.75,2.189603231e-06,1.750116025e-06,nan,nan,nan,nan
4701,58.7625,2.189603154e-06,1.750115989e-06,nan,nan,nan,nan
4702,58.775,2.189603080e-06,1.750115948e-06,nan,nan,nan,nan
4703,58.7875,2.189603003e-06,1.750115909e-06,nan,nan,nan,nan
4704,58.8,2.189602927e-06,1.750115881e-06,nan,nan,nan,nan
4705,58.8125,2.189602853e-06,1.750115860e-06,nan,nan,nan,nan
4706,58.825,2.189602783e-06,1.750115838e-06,nan,nan,nan,nan
4707,58.8375,2.189602712e-06,1.750115809e-06,nan,nan,nan,nan
4708,58.85,2.189602637e-06,1.750115777e-06,nan,nan,nan,nan
4709,58.8625,2.189602557e-06,1.750115747e-06,nan,nan,nan,nan
4710,58.875,2.189602482e-06,1.750115724e-06,nan,nan,nan,nan
4711,58.8875,2.189602415e-06,1.750115702e-06,nan,nan,nan,nan
4712,58.9,2.189602356e-06,1.750115678e-06,nan,nan,nan,nan
4713,58.9125,2.189602298e-06,1.750115651e-06,nan,nan,nan,nan
4714,58.925,2.189602233e-06,1.750115625e-06,nan,nan,nan,nan
4715,58.9375,2.189602165e-06,1.750115604e-06,nan,nan,nan,nan
4716,58.95,2.189602103e-06,1.750115583e-06,nan,nan,nan,nan
4717,58.9625,2.189602051e-06,1.750115561e-06,nan,nan,nan,nan
4718,58.975,2.189602005e-06,1.750115537e-06,nan,nan,nan,nan
4719,58.9875,2.189601951e-06,1.750115519e-06,nan,nan,nan,nan
4720,59,2.189601886e-06,1.750115509e-06,nan,nan,nan,nan
4721,59.0125,2.189601815e-06,1.750115501e-06,nan,nan,nan,nan
4722,59.025,2.189601755e-06,1.750115487e-06,nan,nan,nan,nan
4723,59.0375,2.189601711e-06,1.750115460e-06,nan,nan,nan,nan
4724,59.05,2.189601675e-06,1.750115428e-06,nan,nan,nan,nan
4725,59.0625,2.189601636e-06,1.750115407e-06,nan,nan,nan,nan
4726,59.075,2.189601582e-06,1.750115405e-06,nan,nan,nan,nan
4727,59.0875,2.189601520e-06,1.750115413e-06,nan,nan,nan,nan
4728,59.1,2.189601463e-06,1.750115414e-06,nan,nan,nan,nan
4729,59.1125,2.189601419e-06,1.750115398e-06,nan,nan,nan,nan
4730,59.125,2.189601383e-06,1.750115371e-06,nan,nan,nan,nan
4731,59.1375,2.189601343e-06,1.750115350e-06,nan,nan,nan,nan
4732,59.15,2.189601293e-06,1.750115344e-06,nan,nan,nan,nan
4733,59.1625,2.189601240e-06,1.750115346e-06,nan,nan,nan,nan
4734,59.175,2.189601193e-06,1.750115346e-06,nan,nan,nan,nan
4735,59.1875,2.189601157e-06,1.750115334e-06,nan,nan,nan,nan
4736,59.2,2.189601130e-06,1.750115313e-06,nan,nan,nan,nan
4737,59.2125,2.189601101e-06,1.750115297e-06,nan,nan,nan,nan
4738,59.225,2.189601065e-06,1.750115291e-06,nan,nan,nan,nan
4739,59.2375,2.189601025e-06,1.750115291e-06,nan,nan,nan,nan
4740,59.25,2.189600985e-06,1.750115292e-06,nan,nan,nan,nan
4741,59.2625,2.189600947e-06,1.750115286e-06,nan,nan,nan,nan
4742,59.275,2.189600908e-06,1.750115279e-06,nan,nan,nan,nan
4743,59.2875,2.189600871e-06,1.750115274e-06,nan,nan,nan,nan
4744,59.3,2.189600836e-06,1.750115269e-06,nan,nan,nan,nan
4745,59.3125,2.189600806e-06,1.750115261e-06,nan,nan,nan,nan
4746,59.325,2.189600780e-06,1.750115250e-06,nan,nan,nan,nan
4747,59.3375,2.189600752e-06,1.750115241e-06,nan,nan,nan,nan
4748,59.35,2.189600717e-06,1.750115236e-06,nan,nan,nan,nan
4749,59.3625,2.189600681e-06,1.750115238e-06,nan,nan,nan,nan
4750,59.375,2.189600650e-06,1.750115239e-06,nan,nan,nan,nan
4751,59.3875,2.189600629e-06,1.750115236e-06,nan,nan,nan,nan
4752,59.4,2.189600611e-06,1.750115227e-06,nan,nan,nan,nan
4753,59.4125,2.189600586e-06,1.750115217e-06,nan,nan,nan,nan
4754,59.425,2.189600552e-06,1.750115209e-06,nan,nan,nan,nan
4755,59.4375,2.189600514e-06,1.750115202e-06,nan,nan,nan,nan
4756,59.45,2.189600485e-06,1.750115192e-06,nan,nan,nan,nan
4757,59.4625,2.189600471e-06,1.750115181e-06,nan,nan,nan,nan
4758,59.475,2.189600462e-06,1.750115173e-06,nan,nan,nan,nan
4759,59.4875,2.189600448e-06,1.750115171e-06,nan,nan,nan,nan
4760,59.5,2.189600420e-06,1.750115172e-06,nan,nan,nan,nan
4761,59.5125,2.189600388e-06,1.750115168e-06,nan,nan,nan,nan
4762,59.525,2.189600359e-06,1.750115158e-06,nan,nan,nan,nan
4763,59.5375,2.189600339e-06,1.750115145e-06,nan,nan,nan,nan
4764,59.55,2.189600324e-06,1.750115139e-06,nan,nan,nan,nan
4765,59.5625,2.189600305e-06,1.750115137e-06,nan,nan,nan,nan
4766,59.575,2.189600281e-06,1.750115136e-06,nan,nan,nan,nan
4767,59.5875,2.189600255e-06,1.750115127e-06,nan,nan,nan,nan
4768,59.6,2.189600234e-06,1.750115109e-06,nan,nan,nan,nan
4769,59.6125,2.189600220e-06,1.750115092e-06,nan,nan,nan,nan
4770,59.625,2.189600210e-06,1.750115084e-06,nan,nan,nan,nan
4771,59.6375,2.189600201e-06,1.750115084e-06,nan,nan,nan,nan
4772,59.65,2.189600187e-06,1.750115082e-06,nan,nan,nan,nan
4773,59.6625,2.189600172e-06,1.750115073e-06,nan,nan,nan,nan
4774,59.675,2.189600154e-06,1.750115057e-06,nan,nan,nan,nan
4775,59.6875,2.189600134e-06,1.750115047e-06,nan,nan,nan,nan
4776,59.7,2.189600116e-06,1.750115046e-06,nan,nan,nan,nan
4777,59.7125,2.189600103e-06,1.750115048e-06,nan,nan,nan,nan
4778,59.725,2.189600095e-06,1.750115039e-06,nan,nan,nan,nan
4779,59.7375,2.189600091e-06,1.750115015e-06,nan,nan,nan,nan
4780,59.75,2.189600085e-06,1.750114990e-06,nan,nan,nan,nan
4781,59.7625,2.189600072e-06,1.750114979e-06,nan,nan,nan,nan
4782,59.775,2.189600055e-06,1.750114987e-06,nan,nan,nan,nan
4783,59.7875,2.189600040e-06,1.750115001e-06,nan,nan,nan,nan
4784,59.8,2.189600031e-06,1.750115004e-06,nan,nan,nan,nan
4785,59.8125,2.189600027e-06,1.750114988e-06,nan,nan,nan,nan
4786,59.825,2.189600019e-06,1.750114965e-06,nan,nan,nan,nan
4787,59.8375,2.189600006e-06,1.750114950e-06,nan,nan,nan,nan
4788,59.85,2.189599990e-06,1.750114949e-06,nan,nan,nan,nan
4789,59.8625,2.189599980e-06,1.750114955e-06,nan,nan,nan,nan
4790,59.875,2.189599978e-06,1.750114952e-06,nan,nan,nan,nan
4791,59.8875,2.189599984e-06,1.750114940e-06,nan,nan,nan,nan
4792,59.9,2.189599989e-06,1.750114925e-06,nan,nan,nan,nan
4793,59.9125,2.189599985e-06,1.750114918e-06,nan,nan,nan,nan
4794,59.925,2.189599974e-06,1.750114920e-06,nan,nan,nan,nan
4795,59.9375,2.189599964e-06,1.750114922e-06,nan,nan,nan,nan
4796,59.95,2.189599958e-06,1.750114921e-06,nan,nan,nan,nan
4797,59.9625,2.189599955e-06,1.750114918e-06,nan,nan,nan,nan
4798,59.975,2.189599952e-06,1.750114917e-06,nan,nan,nan,nan
4799,59.9875,2.189599946e-06,1.750114919e-06,nan,nan,nan,nan
4800,60,2.189599940e-06,1.750114919e-06,nan,nan,nan,nan
4801,60.0125,2.189599938e-06,1.750114911e-06,nan,nan,nan,nan
4802,60.025,2.189599939e-06,1.750114900e-06,nan,nan,nan,nan
4803,60.0375,2.189599941e-06,1.750114894e-06,nan,nan,nan,nan
4804,60.05,2.189599940e-06,1.750114901e-06,nan,nan,nan,nan
4805,60.0625,2.189599937e-06,1.750114913e-06,nan,nan,nan,nan
4806,60.075,2.189599936e-06,1.750114920e-06,nan,nan,nan,nan
4807,60.0875,2.189599935e-06,1.750114917e-06,nan,nan,nan,nan
4808,60.1,2.189599934e-06,1.750114910e-06,nan,nan,nan,nan
4809,60.1125,2.189599929e-06,1.750114909e-06,nan,nan,nan,nan
4810,60.125,2.189599924e-06,1.750114918e-06,nan,nan,nan,nan
4811,60.1375,2.189599921e-06,1.750114927e-06,nan,nan,nan,nan
4812,60.15,2.189599925e-06,1.750114925e-06,nan,nan,nan,nan
4813,60.1625,2.189599934e-06,1.750114915e-06,nan,nan,nan,nan
4814,60.175,2.189599940e-06,1.750114906e-06,nan,nan,nan,nan
4815,60.1875,2.189599944e-06,1.750114912e-06,nan,nan,nan,nan
4816,60.2,2.189599943e-06,1.750114933e-06,nan,nan,nan,nan
4817,60.2125,2.189599943e-06,1.750114953e-06,nan,nan,nan,nan
4818,60.225,2.189599942e-06,1.750114956e-06,nan,nan,nan,nan
4819,60.2375,2.189599940e-06,1.750114946e-06,nan,nan,nan,nan
4820,60.25,2.189599936e-06,1.750114936e-06,nan,nan,nan,nan
4821,60.2625,2.189599932e-06,1.750114938e-06,nan,nan,nan,nan
4822,60.275,2.189599932e-06,1.750114953e-06,nan,nan,nan,nan
4823,60.2875,2.189599940e-06,1.750114968e-06,nan,nan,nan,nan
4824,60.3,2.189599951e-06,1.750114970e-06,nan,nan,nan,nan
4825,60.3125,2.189599958e-06,1.750114960e-06,nan,nan,nan,nan
4826,60.325,2.189599961e-06,1.750114952e-06,nan,nan,nan,nan
4827,60.3375,2.189599961e-06,1.750114953e-06,nan,nan,nan,nan
4828,60.35,2.189599965e-06,1.750114965e-06,nan,nan,nan,nan
4829,60.3625,2.189599976e-06,1.750114977e-06,nan,nan,nan,nan
4830,60.375,2.189599981e-06,1.750114983e-06,nan,nan,nan,nan
4831,60.3875,2.189599977e-06,1.750114983e-06,nan,nan,nan,nan
4832,60.4,2.189599970e-06,1.750114981e-06,nan,nan,nan,nan
4833,60.4125,2.189599966e-06,1.750114980e-06,nan,nan,nan,nan
4834,60.425,2.189599976e-06,1.750114977e-06,nan,nan,nan,nan
4835,60.4375,2.189599994e-06,1.750114972e-06,nan,nan,nan,nan
4836,60.45,2.189600008e-06,1.750114969e-06,nan,nan,nan,nan
4837,60.4625,2.189600009e-06,1.750114974e-06,nan,nan,nan,nan
4838,60.475,2.189600003e-06,1.750114984e-06,nan,nan,nan,nan
4839,60.4875,2.189599998e-06,1.750114993e-06,nan,nan,nan,nan
4840,60.5,2.189600007e-06,1.750114993e-06,nan,nan,nan,nan
4841,60.5125,2.189600022e-06,1.750114983e-06,nan,nan,nan,nan
4842,60.525,2.189600032e-06,1.750114972e-06,nan,nan,nan,nan
4843,60.5375,2.189600030e-06,1.750114970e-06,nan,nan,nan,nan
4844,60.55,2.189600018e-06,1.750114973e-06,nan,nan,nan,nan
4845,60.5625,2.189600017e-06,1.750114974e-06,nan,nan,nan,nan
4846,60.575,2.189600030e-06,1.750114967e-06,nan,nan,nan,nan
4847,60.5875,2.189600051e-06,1.750114955e-06,nan,nan,nan,nan
4848,60.6,2.189600069e-06,1.750114947e-06,nan,nan,nan,nan
4849,60.6125,2.189600073e-06,1.750114947e-06,nan,nan,nan,nan
4850,60.625,2.189600067e-06,1.750114952e-06,nan,nan,nan,nan
4851,60.6375,2.189600061e-06,1.750114954e-06,nan,nan,nan,nan
4852,60.65,2.189600062e-06,1.750114946e-06,nan,nan,nan,nan
4853,60.6625,2.189600069e-06,1.750114937e-06,nan,nan,nan,nan
4854,60.675,2.189600074e-06,1.750114932e-06,nan,nan,nan,nan
4855,60.6875,2.189600076e-06,1.750114932e-06,nan,nan,nan,nan
4856,60.7,2.189600078e-06,1.750114931e-06,nan,nan,nan,nan
4857,60.7125,2.189600081e-06,1.750114924e-06,nan,nan,nan,nan
4858,60.725,2.189600089e-06,1.750114912e-06,nan,nan,nan,nan
4859,60.7375,2.189600093e-06,1.750114903e-06,nan,nan,nan,nan
4860,60.75,2.189600098e-06,1.750114901e-06,nan,nan,nan,nan
4861,60.7625,2.189600102e-06,1.750114904e-06,nan,nan,nan,nan
4862,60.775,2.189600107e-06,1.750114904e-06,nan,nan,nan,nan
4863,60.7875,2.189600110e-06,1.750114899e-06,nan,nan,nan,nan
4864,60.8,2.189600110e-06,1.750114891e-06,nan,nan,nan,nan
4865,60.8125,2.189600105e-06,1.750114884e-06,nan,nan,nan,nan
4866,60.825,2.189600102e-06,1.750114881e-06,nan,nan,nan,nan
4867,60.8375,2.189600106e-06,1.750114876e-06,nan,nan,nan,nan
4868,60.85,2.189600118e-06,1.750114866e-06,nan,nan,nan,nan
4869,60.8625,2.189600133e-06,1.750114857e-06,nan,nan,nan,nan
4870,60.875,2.189600137e-06,1.750114855e-06,nan,nan,nan,nan
4871,60.8875,2.189600132e-06,1.750114862e-06,nan,nan,nan,nan
4872,60.9,2.189600122e-06,1.750114872e-06,nan,nan,nan,nan
4873,60.9125,2.189600119e-06,1.750114873e-06,nan,nan,nan,nan
4874,60.925,2.189600126e-06,1.750114864e-06,nan,nan,nan,nan
4875,60.9375,2.189600134e-06,1.750114851e-06,nan,nan,nan,nan
4876,60.95,2.189600132e-06,1.750114848e-06,nan,nan,nan,nan
4877,60.9625,2.189600122e-06,1.750114854e-06,nan,nan,nan,nan
4878,60.975,2.189600112e-06,1.750114863e-06,nan,nan,nan,nan
4879,60.9875,2.189600113e-06,1.750114864e-06,nan,nan,nan,nan
4880,61,2.189600127e-06,1.750114855e-06,nan,nan,nan,nan
4881,61.0125,2.189600141e-06,1.750114845e-06,nan,nan,nan,nan
4882,61.025,2.189600148e-06,1.750114844e-06,nan,nan,nan,nan
4883,61.0375,2.189600142e-06,1.750114850e-06,nan,nan,nan,nan
4884,61.05,2.189600133e-06,1.750114858e-06,nan,nan,nan,nan
4885,61.0625,2.189600126e-06,1.750114861e-06,nan,nan,nan,nan
4886,61.075,2.189600127e-06,1.750114861e-06,nan,nan,nan,nan
4887,61.0875,2.189600132e-06,1.750114864e-06,nan,nan,nan,nan
4888,61.1,2.189600135e-06,1.750114872e-06,nan,nan,nan,nan
4889,61.1125,2.189600134e-06,1.750114876e-06,nan,nan,nan,nan
4890,61.125,2.189600131e-06,1.750114872e-06,nan,nan,nan,nan
4891,61.1375,2.189600129e-06,1.750114863e-06,nan,nan,nan,nan
4892,61.15,2.189600129e-06,1.750114862e-06,nan,nan,nan,nan
4893,61.1625,2.189600128e-06,1.750114876e-06,nan,nan,nan,nan
4894,61.175,2.189600126e-06,1.750114900e-06,nan,nan,nan,nan
4895,61.1875,2.189600124e-06,1.750114917e-06,nan,nan,nan,nan
4896,61.2,2.189600123e-06,1.750114914e-06,nan,nan,nan,nan
4897,61.2125,2.189600119e-06,1.750114900e-06,nan,nan,nan,nan
4898,61.225,2.189600113e-06,1.750114890e-06,nan,nan,nan,nan
4899,61.2375,2.189600104e-06,1.750114896e-06,nan,nan,nan,nan
4900,61.25,2.189600101e-06,1.750114916e-06,nan,nan,nan,nan
4901,61.2625,2.189600103e-06,1.750114929e-06,nan,nan,nan,nan
4902,61.275,2.189600112e-06,1.750114929e-06,nan,nan,nan,nan
4903,61.2875,2.189600117e-06,1.750114916e-06,nan,nan,nan,nan
4904,61.3,2.189600115e-06,1.750114911e-06,nan,nan,nan,nan
4905,61.3125,2.189600104e-06,1.750114920e-06,nan,nan,nan,nan
4906,61.325,2.189600093e-06,1.750114940e-06,nan,nan,nan,nan
4907,61.3375,2.189600089e-06,1.750114953e-06,nan,nan,nan,nan
4908,61.35,2.189600086e-06,1.750114954e-06,nan,nan,nan,nan
4909,61.3625,2.189600084e-06,1.750114946e-06,nan,nan,nan,nan
4910,61.375,2.189600075e-06,1.750114941e-06,nan,nan,nan,nan
4911,61.3875,2.189600064e-06,1.750114946e-06,nan,nan,nan,nan
4912,61.4,2.189600056e-06,1.750114956e-06,nan,nan,nan,nan
4913,61.4125,2.189600053e-06,1.750114960e-06,nan,nan,nan,nan
4914,61.425,2.189600054e-06,1.750114958e-06,nan,nan,nan,nan
4915,61.4375,2.189600054e-06,1.750114955e-06,nan,nan,nan,nan
4916,61.45,2.189600048e-06,1.750114954e-06,nan,nan,nan,nan
4917,61.4625,2.189600041e-06,1.750114959e-06,nan,nan,nan,nan
4918,61.475,2.189600033e-06,1.750114965e-06,nan,nan,nan,nan
4919,61.4875,2.189600026e-06,1.750114965e-06,nan,nan,nan,nan
4920,61.5,2.189600020e-06,1.750114964e-06,nan,nan,nan,nan
4921,61.5125,2.189600013e-06,1.750114960e-06,nan,nan,nan,nan
4922,61.525,2.189600009e-06,1.750114955e-06,nan,nan,nan,nan
4923,61.5375,2.189600007e-06,1.750114948e-06,nan,nan,nan,nan
4924,61.55,2.189600006e-06,1.750114940e-06,nan,nan,nan,nan
4925,61.5625,2.189600004e-06,1.750114938e-06,nan,nan,nan,nan
4926,61.575,2.189599997e-06,1.750114945e-06,nan,nan,nan,nan
4927,61.5875,2.189599987e-06,1.750114957e-06,nan,nan,nan,nan
4928,61.6,2.189599977e-06,1.750114962e-06,nan,nan,nan,nan
4929,61.6125,2.189599971e-06,1.750114953e-06,nan,nan,nan,nan
4930,61.625,2.189599966e-06,1.750114933e-06,nan,nan,nan,nan
4931,61.6375,2.189599958e-06,1.750114920e-06,nan,nan,nan,nan
4932,61.65,2.189599946e-06,1.750114921e-06,nan,nan,nan,nan
4933,61.6625,2.189599934e-06,1.750114933e-06,nan,nan,nan,nan
4934,61.675,2.189599929e-06,1.750114942e-06,nan,nan,nan,nan
4935,61.6875,2.189599933e-06,1.750114931e-06,nan,nan,nan,nan
4936,61.7,2.189599937e-06,1.750114907e-06,nan,nan,nan,nan
4937,61.7125,2.189599935e-06,1.750114886e-06,nan,nan,nan,nan
4938,61.725,2.189599927e-06,1.750114883e-06,nan,nan,nan,nan
4939,61.7375,2.189599916e-06,1.750114896e-06,nan,nan,nan,nan
4940,61.75,2.189599909e-06,1.750114908e-06,nan,nan,nan,nan
4941,61.7625,2.189599904e-06,1.750114906e-06,nan,nan,nan,nan
4942,61.775,2.189599899e-06,1.750114891e-06,nan,nan,nan,nan
4943,61.7875,2.189599890e-06,1.750114873e-06,nan,nan,nan,nan
4944,61.8,2.189599883e-06,1.750114866e-06,nan,nan,nan,nan
4945,61.8125,2.189599881e-06,1.750114868e-06,nan,nan,nan,nan
4946,61.825,2.189599882e-06,1.750114869e-06,nan,nan,nan,nan
4947,61.8375,2.189599882e-06,1.750114866e-06,nan,nan,nan,nan
4948,61.85,2.189599875e-06,1.750114861e-06,nan,nan,nan,nan
4949,61.8625,2.189599860e-06,1.750114861e-06,nan,nan,nan,nan
4950,61.875,2.189599848e-06,1.750114866e-06,nan,nan,nan,nan
4951,61.8875,2.189599845e-06,1.750114868e-06,nan,nan,nan,nan
4952,61.9,2.189599849e-06,1.750114862e-06,nan,nan,nan,nan
4953,61.9125,2.189599849e-06,1.750114850e-06,nan,nan,nan,nan
4954,61.925,2.189599838e-06,1.750114842e-06,nan,nan,nan,nan
4955,61.9375,2.189599821e-06,1.750114842e-06,nan,nan,nan,nan
4956,61.95,2.189599811e-06,1.750114848e-06,nan,nan,nan,nan
4957,61.9625,2.189599817e-06,1.750114850e-06,nan,nan,nan,nan
4958,61.975,2.189599831e-06,1.750114844e-06,nan,nan,nan,nan
4959,61.9875,2.189599839e-06,1.750114835e-06,nan,nan,nan,nan
4960,62,2.189599831e-06,1.750114836e-06,nan,nan,nan,nan
4961,62.0125,2.189599810e-06,1.750114847e-06,nan,nan,nan,nan
4962,62.025,2.189599793e-06,1.750114858e-06,nan,nan,nan,nan
4963,62.0375,2.189599788e-06,1.750114861e-06,nan,nan,nan,nan
4964,62.05,2.189599793e-06,1.750114854e-06,nan,nan,nan,nan
4965,62.0625,2.189599797e-06,1.750114848e-06,nan,nan,nan,nan
4966,62.075,2.189599791e-06,1.750114850e-06,nan,nan,nan,nan
4967,62.0875,2.189599776e-06,1.750114861e-06,nan,nan,nan,nan
4968,62.1,2.189599765e-06,1.750114871e-06,nan,nan,nan,nan
4969,62.1125,2.189599765e-06,1.750114871e-06,nan,nan,nan,nan
4970,62.125,2.189599772e-06,1.750114865e-06,nan,nan,nan,nan
4971,62.1375,2.189599778e-06,1.750114863e-06,nan,nan,nan,nan
4972,62.15,2.189599776e-06,1.750114872e-06,nan,nan,nan,nan
4973,62.1625,2.189599768e-06,1.750114888e-06,nan,nan,nan,nan
4974,62.175,2.189599758e-06,1.750114901e-06,nan,nan,nan,nan
4975,62.1875,2.189599754e-06,1.750114901e-06,nan,nan,nan,nan
4976,62.2,2.189599752e-06,1.750114893e-06,nan,nan,nan,nan
4977,62.2125,2.189599755e-06,1.750114884e-06,nan,nan,nan,nan
4978,62.225,2.189599759e-06,1.750114887e-06,nan,nan,nan,nan
4979,62.2375,2.189599763e-06,1.750114899e-06,nan,nan,nan,nan
4980,62.25,2.189599765e-06,1.750114912e-06,nan,nan,nan,nan
4981,62.2625,2.189599762e-06,1.750114921e-06,nan,nan,nan,nan
4982,62.275,2.189599756e-06,1.750114926e-06,nan,nan,nan,nan
4983,62.2875,2.189599750e-06,1.750114929e-06,nan,nan,nan,nan
4984,62.3,2.189599750e-06,1.750114932e-06,nan,nan,nan,nan
4985,62.3125,2.189599755e-06,1.750114935e-06,nan,nan,nan,nan
4986,62.325,2.189599759e-06,1.750114938e-06,nan,nan,nan,nan
4987,62.3375,2.189599752e-06,1.750114942e-06,nan,nan,nan,nan
4988,62.35,2.189599742e-06,1.750114947e-06,nan,nan,nan,nan
4989,62.3625,2.189599736e-06,1.750114952e-06,nan,nan,nan,nan
4990,62.375,2.189599744e-06,1.750114954e-06,nan,nan,nan,nan
4991,62.3875,2.189599762e-06,1.750114952e-06,nan,nan,nan,nan
4992,62.4,2.189599777e-06,1.750114947e-06,nan,nan,nan,nan
4993,62.4125,2.189599782e-06,1.750114946e-06,nan,nan,nan,nan
4994,62.425,2.189599770e-06,1.750114951e-06,nan,nan,nan,nan
4995,62.4375,2.189599758e-06,1.750114959e-06,nan,nan,nan,nan
4996,62.45,2.189599756e-06,1.750114966e-06,nan,nan,nan,nan
4997,62.4625,2.189599766e-06,1.750114969e-06,nan,nan,nan,nan
4998,62.475,2.189599779e-06,1.750114965e-06,nan,nan,nan,nan
4999,62.4875,2.189599785e-06,1.750114959e-06,nan,nan,nan,nan
5000,62.5,2.189599783e-06,1.750114953e-06,nan,nan,nan,nan
5001,62.5125,2.189599778e-06,1.750114949e-06,nan,nan,nan,nan
5002,62.525,2.189599781e-06,1.750114949e-06,nan,nan,nan,nan
5003,62.5375,2.189599788e-06,1.750114955e-06,nan,nan,nan,nan
5004,62.55,2.189599798e-06,1.750114964e-06,nan,nan,nan,nan
5005,62.5625,2.189599801e-06,1.750114971e-06,nan,nan,nan,nan
5006,62.575,2.189599799e-06,1.750114968e-06,nan,nan,nan,nan
5007,62.5875,2.189599796e-06,1.750114954e-06,nan,nan,nan,nan
5008,62.6,2.189599797e-06,1.750114938e-06,nan,nan,nan,nan
5009,62.6125,2.189599801e-06,1.750114930e-06,nan,nan,nan,nan
5010,62.625,2.189599806e-06,1.750114936e-06,nan,nan,nan,nan
5011,62.6375,2.189599812e-06,1.750114943e-06,nan,nan,nan,nan
5012,62.65,2.189599822e-06,1.750114942e-06,nan,nan,nan,nan
5013,62.6625,2.189599835e-06,1.750114925e-06,nan,nan,nan,nan
5014,62.675,2.189599844e-06,1.750114908e-06,nan,nan,nan,nan
5015,62.6875,2.189599847e-06,1.750114901e-06,nan,nan,nan,nan
5016,62.7,2.189599844e-06,1.750114911e-06,nan,nan,nan,nan
5017,62.7125,2.189599840e-06,1.750114926e-06,nan,nan,nan,nan
5018,62.725,2.189599843e-06,1.750114926e-06,nan,nan,nan,nan
5019,62.7375,2.189599851e-06,1.750114909e-06,nan,nan,nan,nan
5020,62.75,2.189599860e-06,1.750114887e-06,nan,nan,nan,nan
5021,62.7625,2.189599862e-06,1.750114878e-06,nan,nan,nan,nan
5022,62.775,2.189599859e-06,1.750114884e-06,nan,nan,nan,nan
5023,62.7875,2.189599858e-06,1.750114895e-06,nan,nan,nan,nan
5024,62.8,2.189599866e-06,1.750114896e-06,nan,nan,nan,nan
5025,62.8125,2.189599882e-06,1.750114881e-06,nan,nan,nan,nan
5026,62.825,2.189599896e-06,1.750114864e-06,nan,nan,nan,nan
5027,62.8375,2.189599901e-06,1.750114858e-06,nan,nan,nan,nan
5028,62.85,2.189599898e-06,1.750114866e-06,nan,nan,nan,nan
5029,62.8625,2.189599895e-06,1.750114878e-06,nan,nan,nan,nan
5030,62.875,2.189599899e-06,1.750114878e-06,nan,nan,nan,nan
5031,62.8875,2.189599910e-06,1.750114865e-06,nan,nan,nan,nan
5032,62.9,2.189599924e-06,1.750114846e-06,nan,nan,nan,nan
5033,62.9125,2.189599933e-06,1.750114836e-06,nan,nan,nan,nan
5034,62.925,2.189599939e-06,1.750114839e-06,nan,nan,nan,nan
5035,62.9375,2.189599943e-06,1.750114847e-06,nan,nan,nan,nan
5036,62.95,2.189599949e-06,1.750114855e-06,nan,nan,nan,nan
5037,62.9625,2.189599955e-06,1.750114859e-06,nan,nan,nan,nan
5038,62.975,2.189599961e-06,1.750114859e-06,nan,nan,nan,nan
5039,62.9875,2.189599965e-06,1.750114857e-06,nan,nan,nan,nan
5040,63,2.189599969e-06,1.750114852e-06,nan,nan,nan,nan
5041,63.0125,2.189599970e-06,1.750114847e-06,nan,nan,nan,nan
5042,63.025,2.189599972e-06,1.750114846e-06,nan,nan,nan,nan
5043,63.0375,2.189599975e-06,1.750114854e-06,nan,nan,nan,nan
5044,63.05,2.189599981e-06,1.750114866e-06,nan,nan,nan,nan
5045,63.0625,2.189599992e-06,1.750114873e-06,nan,nan,nan,nan
5046,63.075,2.189600008e-06,1.750114865e-06,nan,nan,nan,nan
5047,63.0875,2.189600020e-06,1.750114850e-06,nan,nan,nan,nan
5048,63.1,2.189600026e-06,1.750114842e-06,nan,nan,nan,nan
5049,63.1125,2.189600025e-06,1.750114853e-06,nan,nan,nan,nan
5050,63.125,2.189600023e-06,1.750114877e-06,nan,nan,nan,nan
5051,63.1375,2.189600027e-06,1.750114897e-06,nan,nan,nan,nan
5052,63.15,2.189600035e-06,1.750114899e-06,nan,nan,nan,nan
5053,63.1625,2.189600043e-06,1.750114884e-06,nan,nan,nan,nan
5054,63.175,2.189600047e-06,1.750114869e-06,nan,nan,nan,nan
5055,63.1875,2.189600050e-06,1.750114870e-06,nan,nan,nan,nan
5056,63.2,2.189600053e-06,1.750114889e-06,nan,nan,nan,nan
5057,63.2125,2.189600061e-06,1.750114908e-06,nan,nan,nan,nan
5058,63.225,2.189600070e-06,1.750114918e-06,nan,nan,nan,nan
5059,63.2375,2.189600073e-06,1.750114914e-06,nan,nan,nan,nan
5060,63.25,2.189600072e-06,1.750114911e-06,nan,nan,nan,nan
5061,63.2625,2.189600068e-06,1.750114916e-06,nan,nan,nan,nan
5062,63.275,2.189600071e-06,1.750114927e-06,nan,nan,nan,nan
5063,63.2875,2.189600079e-06,1.750114937e-06,nan,nan,nan,nan
5064,63.3,2.189600085e-06,1.750114937e-06,nan,nan,nan,nan
5065,63.3125,2.189600085e-06,1.750114930e-06,nan,nan,nan,nan
5066,63.325,2.189600082e-06,1.750114927e-06,nan,nan,nan,nan
5067,63.3375,2.189600086e-06,1.750114932e-06,nan,nan,nan,nan
5068,63.35,2.189600099e-06,1.750114941e-06,nan,nan,nan,nan
5069,63.3625,2.189600117e-06,1.750114947e-06,nan,nan,nan,nan
5070,63.375,2.189600123e-06,1.750114949e-06,nan,nan,nan,nan
5071,63.3875,2.189600115e-06,1.750114951e-06,nan,nan,nan,nan
5072,63.4,2.189600099e-06,1.750114955e-06,nan,nan,nan,nan
5073,63.4125,2.189600093e-06,1.750114961e-06,nan,nan,nan,nan
5074,63.425,2.189600102e-06,1.750114963e-06,nan,nan,nan,nan
5075,63.4375,2.189600117e-06,1.750114961e-06,nan,nan,nan,nan
5076,63.45,2.189600122e-06,1.750114955e-06,nan,nan,nan,nan
5077,63.4625,2.189600114e-06,1.750114956e-06,nan,nan,nan,nan
5078,63.475,2.189600099e-06,1.750114962e-06,nan,nan,nan,nan
5079,63.4875,2.189600095e-06,1.750114967e-06,nan,nan,nan,nan
5080,63.5,2.189600109e-06,1.750114964e-06,nan,nan,nan,nan
5081,63.5125,2.189600127e-06,1.750114955e-06,nan,nan,nan,nan
5082,63.525,2.189600134e-06,1.750114950e-06,nan,nan,nan,nan
5083,63.5375,2.189600126e-06,1.750114955e-06,nan,nan,nan,nan
5084,63.55,2.189600109e-06,1.750114966e-06,nan,nan,nan,nan
5085,63.5625,2.189600102e-06,1.750114969e-06,nan,nan,nan,nan
5086,63.575,2.189600109e-06,1.750114958e-06,nan,nan,nan,nan
5087,63.5875,2.189600123e-06,1.750114937e-06,nan,nan,nan,nan
5088,63.6,2.189600130e-06,1.750114923e-06,nan,nan,nan,nan
5089,63.6125,2.189600127e-06,1.750114923e-06,nan,nan,nan,nan
5090,63.625,2.189600121e-06,1.750114935e-06,nan,nan,nan,nan
5091,63.6375,2.189600117e-06,1.750114945e-06,nan,nan,nan,nan
5092,63.65,2.189600121e-06,1.750114944e-06,nan,nan,nan,nan
5093,63.6625,2.189600122e-06,1.750114931e-06,nan,nan,nan,nan
5094,63.675,2.189600117e-06,1.750114919e-06,nan,nan,nan,nan
5095,63.6875,2.189600109e-06,1.750114913e-06,nan,nan,nan,nan
5096,63.7,2.189600103e-06,1.750114915e-06,nan,nan,nan,nan
5097,63.7125,2.189600102e-06,1.750114917e-06,nan,nan,nan,nan
5098,63.725,2.189600101e-06,1.750114912e-06,nan,nan,nan,nan
5099,63.7375,2.189600097e-06,1.750114905e-06,nan,nan,nan,nan
5100,63.75,2.189600093e-06,1.750114895e-06,nan,nan,nan,nan
5101,63.7625,2.189600095e-06,1.750114888e-06,nan,nan,nan,nan
5102,63.775,2.189600103e-06,1.750114881e-06,nan,nan,nan,nan
5103,63.7875,2.189600110e-06,1.750114876e-06,nan,nan,nan,nan
5104,63.8,2.189600108e-06,1.750114874e-06,nan,nan,nan,nan
5105,63.8125,2.189600090e-06,1.750114873e-06,nan,nan,nan,nan
5106,63.825,2.189600072e-06,1.750114877e-06,nan,nan,nan,nan
5107,63.8375,2.189600065e-06,1.750114878e-06,nan,nan,nan,nan
5108,63.85,2.189600073e-06,1.750114874e-06,nan,nan,nan,nan
5109,63.8625,2.189600083e-06,1.750114863e-06,nan,nan,nan,nan
5110,63.875,2.189600084e-06,1.750114852e-06,nan,nan,nan,nan
5111,63.8875,2.189600068e-06,1.750114844e-06,nan,nan,nan,nan
5112,63.9,2.189600050e-06,1.750114845e-06,nan,nan,nan,nan
5113,63.9125,2.189600043e-06,1.750114849e-06,nan,nan,nan,nan
5114,63.925,2.189600049e-06,1.750114853e-06,nan,nan,nan,nan
5115,63.9375,2.189600057e-06,1.750114857e-06,nan,nan,nan,nan
5116,63.95,2.189600053e-06,1.750114857e-06,nan,nan,nan,nan
5117,63.9625,2.189600034e-06,1.750114854e-06,nan,nan,nan,nan
5118,63.975,2.189600013e-06,1.750114849e-06,nan,nan,nan,nan
5119,63.9875,2.189600004e-06,1.750114844e-06,nan,nan,nan,nan
5120,64,2.189600009e-06,1.750114842e-06,nan,nan,nan,nan
